2005
0 293
0 684
0 56
0 59
0 872
0 959
0 177
0 451
0 490
0 398
0 731
0 698
0 989
0 873
0 718
0 965
0 869
0 755
0 287
0 630
0 348
0 237
0 593
0 327
0 12
0 716
0 804
0 971
0 915
0 843
0 935
0 107
0 623
0 347
0 75
0 108
0 367
0 71
0 717
0 142
0 938
0 332
0 7
0 192
0 544
0 68
0 284
0 375
0 330
0 523
0 246
0 790
0 847
0 659
0 494
0 584
0 590
0 417
0 520
0 553
0 898
0 986
0 785
0 452
0 486
0 375
0 582
0 766
0 69
0 414
0 722
0 568
0 797
0 426
0 299
0 578
0 849
0 410
0 857
0 243
0 497
0 950
0 733
0 461
0 832
0 69
0 210
0 598
0 561
0 820
0 403
0 322
0 541
0 929
0 185
0 797
0 973
0 141
0 78
0 45
0 807
0 375
0 299
0 540
0 640
0 733
0 667
0 668
0 550
0 149
0 202
0 556
0 535
0 385
0 358
0 791
0 347
0 193
0 361
0 724
0 369
0 458
0 383
0 697
0 954
0 387
0 618
0 617
0 160
0 352
0 208
0 349
0 706
0 488
0 582
0 728
0 806
0 265
0 19
0 715
0 873
0 650
0 195
0 183
0 735
0 496
0 79
0 393
0 419
0 761
0 110
0 952
0 716
0 254
0 242
0 386
0 228
0 494
0 257
0 798
0 156
0 301
0 511
0 819
0 208
0 963
0 148
0 102
0 515
0 993
0 568
0 313
0 40
0 429
0 840
0 544
0 358
0 70
0 691
0 214
0 358
0 491
0 229
0 268
0 211
0 213
0 311
0 2
0 390
0 229
0 786
0 998
0 700
0 752
0 743
0 42
0 174
0 478
0 404
0 187
0 612
0 873
0 508
0 45
0 229
0 627
0 540
0 266
0 775
0 24
0 630
0 402
0 710
0 930
0 148
0 213
0 756
0 203
0 730
0 276
0 453
0 244
0 144
0 742
0 269
0 492
0 868
0 326
0 208
0 28
0 840
0 99
0 116
0 774
0 509
0 392
0 381
0 566
0 580
0 778
0 374
0 793
0 884
0 57
0 393
0 41
0 565
0 774
0 106
0 210
0 304
0 108
0 341
0 231
0 456
0 105
0 674
0 765
0 970
0 876
0 409
0 272
0 549
0 793
0 703
0 708
0 14
0 696
0 205
0 987
0 507
0 349
0 752
0 118
0 561
0 256
0 257
0 198
0 348
0 5
0 162
0 289
0 147
0 86
0 227
0 273
0 710
0 309
0 167
0 944
0 77
0 751
0 135
0 528
0 807
0 642
0 994
0 94
0 595
0 88
0 87
0 607
0 190
0 300
0 976
0 858
0 402
0 554
0 643
0 556
0 55
0 980
0 559
0 786
0 641
0 319
0 25
0 560
0 30
0 204
0 41
0 448
0 962
0 859
0 349
0 431
0 17
0 683
0 880
0 329
0 936
0 52
0 312
0 812
0 17
0 550
0 658
0 609
0 113
0 947
0 667
0 655
0 488
0 296
0 110
0 801
0 285
0 978
0 891
0 207
0 995
0 779
0 435
0 426
0 92
0 844
0 630
0 489
0 376
0 837
0 550
0 792
0 514
0 673
0 788
0 39
0 63
0 446
0 859
0 649
0 948
0 1000
0 901
0 234
0 123
0 445
0 66
0 931
0 451
0 435
0 823
0 666
0 313
0 558
0 994
0 738
0 79
0 63
0 72
0 233
0 303
0 351
0 903
0 456
0 147
0 914
0 598
0 117
0 869
0 279
0 167
0 676
0 638
0 683
0 677
0 387
0 518
0 726
0 175
0 588
0 631
0 886
0 960
0 781
0 22
0 905
0 673
0 771
0 759
0 231
0 181
0 741
0 427
0 12
0 312
0 636
0 953
0 179
0 828
0 160
0 367
0 270
0 888
0 238
0 443
0 666
0 79
0 109
0 691
0 689
0 450
0 775
0 229
0 272
0 698
0 724
0 612
0 575
0 988
0 194
0 584
0 384
0 674
0 696
0 800
0 823
0 884
0 993
0 279
0 440
0 225
0 326
0 824
0 999
0 605
0 252
0 152
0 201
0 431
0 764
0 790
0 624
0 598
0 457
0 481
0 556
0 448
0 747
0 167
0 637
0 344
0 666
0 182
0 511
0 571
0 398
0 961
0 581
0 607
0 267
0 521
0 334
0 176
0 409
0 349
0 181
0 943
0 905
0 23
0 811
0 304
0 428
0 677
0 16
0 351
0 253
0 232
0 911
0 560
0 294
0 133
0 527
0 521
0 543
0 934
0 566
0 292
0 739
0 884
0 786
0 54
0 21
0 331
0 136
0 247
0 415
0 242
0 374
0 308
0 10
0 261
0 283
0 376
0 793
0 546
0 156
0 514
0 136
0 949
0 947
0 236
0 41
0 848
0 473
0 649
0 303
0 178
0 443
0 593
0 883
0 522
0 457
0 668
0 475
0 873
0 170
0 136
0 915
0 370
0 188
0 720
0 275
0 727
0 352
0 209
0 119
0 65
0 66
0 851
0 173
0 412
0 742
0 209
0 945
0 252
0 759
0 166
0 491
0 568
0 618
0 854
0 674
0 82
0 48
0 798
0 234
0 136
0 209
0 608
0 264
0 690
0 324
0 533
0 543
0 656
0 195
0 72
0 578
0 607
0 876
0 453
0 905
0 361
0 443
0 523
0 512
0 415
0 652
0 84
0 754
0 459
0 229
0 615
0 172
0 998
0 849
0 183
0 566
0 570
0 80
0 379
0 540
0 790
0 409
0 402
0 546
0 436
0 114
0 258
0 758
0 640
0 223
0 836
0 599
0 96
0 543
0 719
0 787
0 282
0 285
0 646
0 789
0 263
0 66
0 816
0 901
0 690
0 497
0 427
0 466
0 29
0 843
0 621
0 458
0 169
0 177
0 520
0 865
0 743
0 432
0 561
0 151
0 808
0 343
0 628
0 788
0 573
0 917
0 663
0 206
0 908
0 30
0 544
0 739
0 264
0 164
0 468
0 297
0 868
0 27
0 871
0 626
0 324
0 950
0 890
0 13
0 8
0 982
0 821
0 864
0 678
0 625
0 210
0 153
0 634
0 639
0 282
0 795
0 45
0 345
0 951
0 517
0 79
0 235
0 335
0 630
0 507
0 664
0 793
0 924
0 414
0 325
0 798
0 651
0 843
0 734
0 670
0 571
0 374
0 957
0 637
0 130
0 611
0 626
0 289
0 456
0 155
0 197
0 970
0 545
0 658
0 575
0 845
0 573
0 240
0 159
0 358
0 826
0 258
0 41
0 193
0 59
0 773
0 417
0 509
0 305
0 974
0 638
0 821
0 503
0 641
0 562
0 827
0 484
0 684
0 590
0 922
0 137
0 878
0 467
0 262
0 841
0 250
0 387
0 180
0 832
0 227
0 567
0 450
0 780
0 675
0 595
0 234
0 168
0 860
0 220
0 263
0 823
0 458
0 722
0 810
0 149
0 562
0 121
0 619
0 601
0 308
0 65
0 416
0 654
0 25
0 902
0 645
0 800
0 40
0 498
0 408
0 35
0 419
0 575
0 214
0 79
0 153
0 738
0 158
0 816
0 640
0 778
0 736
0 202
0 321
0 38
0 555
0 809
0 680
0 757
0 857
0 149
0 135
0 455
0 577
0 676
0 981
0 706
0 752
0 346
0 872
0 112
0 668
0 347
0 117
0 987
0 790
0 856
0 232
0 819
0 114
0 167
0 5
0 359
0 757
0 901
0 265
0 911
0 818
0 463
0 693
0 555
0 778
0 190
0 569
0 181
0 864
0 983
0 209
0 642
0 501
0 506
0 7
0 959
0 694
0 610
0 796
0 759
0 127
0 731
0 428
0 41
0 218
0 618
0 134
0 822
0 201
0 525
0 221
0 680
0 93
0 875
0 790
0 935
0 434
0 494
0 334
0 358
0 128
0 844
0 951
0 611
0 648
0 180
0 215
0 285
0 224
0 78
0 70
0 190
0 748
0 283
0 378
0 456
0 82
0 915
0 808
0 124
0 225
0 861
0 249
0 534
0 390
0 369
0 247
0 493
0 236
0 313
0 515
0 247
0 735
0 245
0 636
0 706
0 476
0 541
0 670
0 485
0 831
0 601
0 932
0 893
0 729
0 949
0 612
0 108
0 662
0 815
0 199
0 925
0 840
0 10
0 889
0 267
0 994
0 101
0 107
0 352
0 964
0 588
0 426
0 330
0 887
0 991
0 899
0 720
0 917
0 129
0 135
0 523
0 143
0 593
0 125
0 248
0 171
0 740
0 128
0 898
0 385
0 523
0 558
0 333
0 586
0 407
0 569
0 781
0 885
0 483
0 63
0 94
0 839
0 194
0 665
0 277
0 301
0 727
0 890
0 388
0 208
0 411
0 653
0 356
0 772
0 152
0 611
0 411
0 470
0 92
0 49
0 765
0 601
0 721
0 738
0 863
1 403 430 690
1 490 952 8668
1 98 614 303
1 350 470 6514
1 352 560 3148
1 123 316 6000
1 54 78 152
1 223 765 198
1 812 925 7614
1 14 22 2106
1 55 630 2434
1 77 396 6312
1 130 191 6377
1 500 580 1146
1 934 941 9974
1 789 818 6947
1 48 307 3492
1 41 72 7677
1 47 52 7628
1 202 518 9443
1 2 7 2229
1 374 511 3055
1 667 738 8873
1 203 203 9978
1 140 429 242
1 510 680 9236
1 72 83 6651
1 29 32 3772
1 1 405 3834
1 553 622 3551
1 25 113 7717
1 19 951 6846
1 344 418 8556
1 335 883 4116
1 819 939 8115
1 365 512 8049
1 64 91 4411
1 232 818 5328
1 188 634 7028
1 203 514 3765
1 10 35 243
1 227 888 4385
1 34 385 2295
1 780 805 6193
1 166 779 1812
1 483 944 55
1 652 764 9132
1 324 398 4584
1 310 683 8112
1 183 401 177
1 159 833 9087
1 8 264 3326
1 495 640 7628
1 16 149 9579
1 15 227 9835
1 13 300 384
1 163 168 489
1 447 983 7821
1 488 597 2914
1 315 613 5770
1 138 265 7493
1 459 489 215
1 327 475 4989
1 52 59 4907
1 109 208 8570
1 279 521 3007
1 375 731 7244
1 237 258 1227
1 54 78 2121
1 10 255 3829
1 146 234 9331
1 351 949 5253
1 283 293 9419
1 158 508 4613
1 89 108 4295
1 253 293 3304
1 110 289 7293
1 564 577 8132
1 80 427 1309
1 699 760 864
1 137 619 7215
1 79 234 4238
1 150 192 2229
1 548 880 5018
1 77 111 816
1 350 711 51
1 400 902 8480
1 209 537 4221
1 439 533 3473
1 788 862 4297
1 330 883 7171
1 598 718 4972
1 64 829 6748
1 557 647 2291
1 343 538 4670
1 192 218 9617
1 13 44 6615
1 504 717 3369
1 80 652 2902
1 6 54 9692
1 368 372 9970
1 633 813 1754
1 388 812 8771
1 226 252 849
1 606 609 2322
1 50 549 1156
1 61 649 2944
1 5 30 8312
1 30 310 4513
1 496 731 4908
1 48 774 245
1 200 267 4023
1 557 582 6507
1 197 528 4192
1 114 548 4586
1 414 768 8467
1 112 223 2638
1 78 136 3472
1 116 313 9298
1 473 656 7516
1 121 313 198
1 131 905 9621
1 104 682 4345
1 102 104 9934
1 28 69 5867
1 361 980 6066
1 134 475 4164
1 64 320 4764
1 561 786 7137
1 169 379 1710
1 754 775 252
1 364 370 7696
1 104 689 611
1 431 521 8316
1 326 883 3487
1 142 433 694
1 236 529 8212
1 34 48 2297
1 296 516 4092
1 38 326 8639
1 53 141 267
1 237 586 8619
1 37 113 1808
1 27 428 7881
1 273 521 4609
1 520 918 3395
1 343 642 6937
1 16 150 4484
1 395 796 5569
1 627 718 2161
1 235 991 8718
1 128 330 4377
1 182 456 8324
1 28 338 8957
1 30 589 7282
1 174 485 4636
1 693 878 7583
1 25 244 9886
1 101 547 44
1 166 251 3752
1 86 333 1442
1 558 664 2043
1 181 715 7579
1 217 545 7058
1 361 506 6087
1 149 567 1654
1 135 187 8595
1 104 120 9358
1 78 329 9197
1 241 568 192
1 721 962 3127
1 115 736 359
1 30 514 9399
1 207 858 1694
1 346 688 475
1 105 743 419
1 238 384 1885
1 81 201 8723
1 33 46 9391
1 187 517 2363
1 516 819 245
1 146 819 1952
1 107 372 9633
1 59 78 9568
1 431 734 6550
1 837 863 3278
1 450 897 1000
1 128 323 2689
1 34 59 5347
1 214 331 307
1 19 324 5312
1 38 77 1698
1 479 611 664
1 108 232 4922
1 7 242 3599
1 317 958 1567
1 720 834 539
1 85 371 2948
1 32 312 8300
1 44 71 2295
1 146 159 9128
1 61 305 9316
1 164 367 4430
1 112 248 6621
1 830 986 5506
1 389 447 3921
1 227 615 1104
1 374 376 5888
1 6 7 8427
1 308 372 5932
1 822 859 4216
1 256 817 9906
1 2 31 775
1 3 13 1993
1 229 548 8470
1 582 822 1678
1 202 382 6346
1 49 52 1026
1 464 817 3655
1 756 948 1866
1 60 176 675
1 92 381 5006
1 257 356 2942
1 217 267 7317
1 127 430 605
1 31 446 7384
1 405 832 356
1 327 440 2532
1 231 869 4426
1 125 457 8131
1 88 126 6116
1 64 448 7628
1 290 301 9059
1 464 568 5827
1 408 486 5677
1 627 954 7228
1 168 439 7703
1 671 908 9583
1 70 994 5133
1 50 810 2844
1 429 785 6662
1 117 644 6890
1 589 822 5359
1 256 390 5334
1 140 244 4178
1 133 582 7577
1 52 915 8521
1 73 471 9773
1 57 62 139
1 142 564 1542
1 47 306 9676
1 188 566 5923
1 270 857 4700
1 687 917 4282
1 9 501 6561
1 492 696 2781
1 236 338 4766
1 13 30 1009
1 7 10 3781
1 9 200 7178
1 429 575 1968
1 490 708 7391
1 5 8 8553
1 305 831 266
1 134 496 4601
1 224 792 5064
1 437 756 5168
1 77 979 8386
1 14 23 2323
1 440 743 7941
1 460 781 9357
1 14 161 6659
1 174 771 9468
1 113 243 5786
1 58 74 4593
1 719 984 4083
1 436 855 4019
1 292 611 2555
1 308 781 8518
1 345 676 1468
1 170 440 5092
1 291 339 2071
1 357 976 9475
1 10 356 5928
1 323 547 7514
1 186 537 4868
1 459 597 4581
1 249 329 535
1 292 333 1271
1 310 388 5473
1 743 835 94
1 199 307 1040
1 381 621 8218
1 401 962 515
1 295 780 5013
1 41 569 7708
1 63 212 1477
1 671 933 6319
1 126 404 4946
1 508 597 5369
1 754 790 4449
1 407 546 1198
1 547 836 892
1 133 714 2546
1 120 497 4792
1 204 896 6262
1 23 163 7993
1 177 228 8420
1 117 499 997
1 734 736 8572
1 60 390 5705
1 15 82 9060
1 137 744 9571
1 618 958 3007
1 70 366 5928
1 440 450 5237
1 57 233 9831
1 418 491 9496
1 243 959 8774
1 45 154 782
1 186 625 8788
1 412 973 4693
1 151 264 9613
1 178 222 9408
1 69 474 5827
1 60 925 7196
1 7 21 342
1 208 226 9118
1 283 437 7573
1 150 452 7508
1 289 323 6944
1 557 614 3598
1 8 118 733
1 260 347 8519
1 370 619 2966
1 314 393 5636
1 353 391 2133
1 719 748 4011
1 28 55 7284
1 68 181 6422
1 19 620 7604
1 17 17 104
1 4 18 1455
1 18 165 8979
1 627 644 8962
1 29 920 3899
1 86 248 5670
1 13 13 197
1 684 807 690
1 296 304 4305
1 37 158 3585
1 390 622 7822
1 152 387 4465
1 1 5 8455
1 352 469 9228
1 26 92 1960
1 157 682 9560
1 436 899 5061
1 306 607 8055
1 413 598 6092
1 412 479 6003
1 186 617 2643
1 32 44 7621
1 376 929 1693
1 44 85 8276
1 674 860 363
1 52 638 3240
1 195 530 6293
1 343 696 4593
1 223 670 9222
1 755 903 4222
1 53 102 5653
1 745 758 4333
1 87 106 3610
1 134 205 7602
1 295 969 1876
1 180 742 3246
1 24 38 7688
1 18 179 1626
1 218 783 7461
1 97 106 292
1 743 989 6604
1 126 824 5296
1 5 698 2467
1 28 367 4634
1 86 254 1364
1 382 733 4183
1 216 240 6449
1 365 369 1316
1 326 358 9019
1 98 470 1620
1 91 416 3043
1 186 765 908
1 83 103 8264
1 133 180 2927
1 317 418 2929
1 223 895 9505
1 157 690 8743
1 928 969 2957
1 890 976 594
1 327 394 3718
1 471 583 961
1 291 610 2546
1 223 781 5261
1 776 806 4540
1 144 199 4383
1 24 171 8160
1 793 913 2499
1 92 403 6499
1 39 859 6768
1 40 603 7647
1 354 782 5953
1 18 285 523
1 42 940 5748
1 468 991 1121
1 534 577 7898
1 88 793 1995
1 656 943 7961
1 276 436 7451
1 146 176 6394
1 609 972 5859
1 591 803 4682
1 101 335 8442
1 276 509 1038
1 506 764 748
1 328 562 5375
1 20 262 807
1 809 949 4215
1 274 622 7585
1 59 97 5223
1 218 288 7680
1 355 680 9686
1 602 735 1681
1 497 653 1417
1 72 249 270
1 493 541 2778
1 230 759 8971
1 124 395 5618
1 42 128 6340
1 8 17 6573
1 135 543 2046
1 327 555 1633
1 33 147 5330
1 55 884 6389
1 421 820 7907
1 88 138 5445
1 472 553 2607
1 635 905 2414
1 7 429 9216
1 87 345 688
1 3 191 6772
1 111 200 2542
1 3 726 7746
1 43 358 6749
1 307 972 6227
1 230 873 441
1 882 960 5135
1 115 134 2228
1 8 103 9580
1 185 655 3339
1 349 376 527
1 280 893 7413
1 100 440 9807
1 85 270 7837
1 83 316 6382
1 202 379 187
1 110 227 3179
1 39 755 2039
1 201 493 4488
1 12 68 2479
1 310 720 474
1 131 143 5564
1 223 342 3880
1 619 731 6870
1 507 711 8351
1 503 743 2748
1 482 547 6246
1 251 435 5532
1 697 777 8966
1 109 196 5756
1 223 918 5364
1 803 978 2279
1 173 250 8222
1 9 10 6312
1 519 564 845
1 470 987 528
1 115 490 7597
1 257 383 8768
1 450 540 6465
1 47 336 9779
1 29 442 1016
1 44 98 4681
1 31 48 4072
1 65 778 1456
1 97 235 2661
1 50 733 8675
1 11 116 2809
1 176 726 305
1 687 714 4088
1 311 737 1345
1 65 852 5967
1 110 596 4740
1 313 599 6190
1 737 885 3055
1 28 36 9280
1 684 694 7034
1 755 804 9922
1 468 634 6708
1 28 271 2403
1 896 979 1397
1 133 163 8370
1 2 926 6782
1 420 761 8757
1 445 622 2744
1 74 120 276
1 675 788 7157
1 69 592 8238
1 12 222 304
1 11 29 1667
1 408 660 1936
1 46 86 622
1 465 484 4472
1 451 932 6584
1 10 52 3325
1 879 906 5031
1 269 748 8530
1 128 366 9071
1 312 402 2693
1 96 133 9214
1 15 33 8793
1 47 106 591
1 426 853 3556
1 1 1 5227
1 302 337 9002
1 99 945 9373
1 488 951 4527
1 1 276 385
1 216 409 827
1 14 78 3174
1 56 762 2263
1 259 579 3635
1 185 189 6651
1 113 315 3759
1 425 884 6482
1 23 42 877
1 46 88 7137
1 76 102 3459
1 377 400 945
1 12 96 3651
1 155 395 9896
1 137 249 1041
1 179 555 9780
1 31 80 2354
1 145 493 8159
1 456 648 2183
1 5 408 5618
1 68 371 4344
1 303 423 7223
1 124 493 3415
1 280 457 5646
1 133 329 5081
1 211 441 9069
1 171 712 9517
1 303 537 7372
1 537 679 5848
1 8 13 1264
1 9 10 7137
1 756 787 7690
1 355 403 7911
1 525 615 8659
1 267 648 200
1 250 321 2370
1 120 355 2676
1 6 407 7099
1 283 964 5674
1 171 666 707
1 26 492 4825
1 279 716 5212
1 182 383 8599
1 447 604 2264
1 69 119 7976
1 410 438 1830
1 909 930 2259
1 8 161 4025
1 10 423 2552
1 139 863 8997
1 225 587 6722
1 83 106 966
1 114 206 5192
1 133 374 876
1 324 629 5322
1 42 365 8346
1 57 309 3782
1 31 41 4107
1 202 271 8941
1 51 235 6085
1 201 834 6771
1 327 469 9055
1 86 903 5944
1 341 731 5403
1 436 509 9245
1 65 756 7712
1 286 431 8483
1 28 725 3072
1 140 852 9778
1 515 668 528
1 130 604 5005
1 152 196 7165
1 95 197 8485
1 312 670 6455
1 451 703 2683
1 41 963 453
1 748 810 2600
1 55 483 579
1 52 197 9765
1 179 202 6057
1 837 950 4670
1 28 910 4068
1 376 449 5669
1 722 790 1011
1 126 191 4338
1 106 967 6317
1 41 272 6837
1 194 675 4518
1 41 645 8912
1 19 469 6990
1 374 780 3244
1 5 126 6442
1 99 399 8263
1 4 13 2166
1 12 26 4077
1 264 668 78
1 685 709 2321
1 126 597 9437
1 394 742 9636
1 9 48 5999
1 37 272 6135
1 397 519 8871
1 51 214 8310
1 430 797 5789
1 450 983 6813
1 319 372 6876
1 795 820 4012
1 304 353 7797
1 334 403 671
1 20 141 5373
1 17 20 2387
1 601 946 8914
1 100 123 2222
1 46 199 4745
1 218 293 3036
1 48 184 1813
1 214 282 418
1 172 436 8389
1 319 676 5955
1 18 150 989
1 179 292 725
1 90 354 4913
1 358 779 6678
1 99 135 3224
1 279 553 8304
1 105 362 5647
1 138 312 6796
1 502 617 559
1 351 393 5757
1 700 885 902
1 483 730 3767
1 101 528 6457
1 175 214 4290
1 171 485 652
1 127 358 8448
1 95 418 6190
1 95 623 6957
1 8 799 1305
1 150 167 4133
1 291 298 6852
1 2 24 2458
1 10 10 6944
1 793 940 2522
1 224 556 7311
1 47 720 2598
1 291 390 3776
1 459 595 5506
1 354 605 714
1 51 532 2757
1 50 130 3169
1 137 155 1616
1 170 203 8651
1 593 832 9071
1 424 907 4242
1 765 831 9030
1 66 192 1355
1 18 76 651
1 114 229 454
1 25 93 7617
1 226 815 5195
1 490 731 7359
1 11 465 7766
1 9 70 5207
1 810 872 7323
1 22 151 7196
1 370 923 4858
1 60 376 5079
1 17 926 2012
1 22 89 4385
1 217 269 3801
1 532 639 7316
1 100 131 9934
1 54 69 3108
1 441 484 6663
1 55 66 6885
1 764 965 9053
1 358 482 3840
1 50 990 646
1 664 768 531
1 68 135 7004
1 94 496 9830
1 102 214 4268
1 450 459 9656
1 274 318 1292
1 451 739 9020
1 107 428 6300
1 636 653 7097
1 23 247 9007
1 129 428 3187
1 5 469 9080
1 79 414 2264
1 2 737 3613
1 277 688 7249
1 235 676 6379
1 338 383 9281
1 740 844 8400
1 459 489 2387
1 3 3 5229
1 345 776 9543
1 309 559 7908
1 513 840 3605
1 1 209 728
1 115 374 9378
1 264 502 1391
1 591 700 9097
1 441 984 3279
1 41 344 1728
1 7 16 7318
1 2 37 4089
1 553 819 6773
1 324 376 8333
1 174 180 9304
1 97 770 18
1 256 306 6883
1 101 846 3047
1 125 587 2365
1 340 778 2166
1 548 842 7738
1 189 304 8251
1 798 894 7295
1 87 142 6069
1 135 317 8944
1 346 405 5102
1 491 557 9282
1 696 716 4640
1 55 202 8576
1 200 320 5969
1 158 441 6166
1 105 174 3043
1 268 314 3138
1 741 946 3245
1 201 622 5169
1 336 577 7189
1 103 760 193
1 146 832 9726
1 246 441 4738
1 383 987 3430
1 238 323 6499
1 336 355 2455
1 425 946 7032
1 89 309 6701
1 670 970 4394
1 147 982 2458
1 301 383 5674
1 381 703 8484
1 214 699 465
1 338 746 2970
1 5 13 6921
1 475 889 1562
1 9 17 6362
1 718 972 6167
1 29 35 6632
1 652 661 3116
1 191 313 5243
1 290 736 5534
1 173 189 4420
1 1 2 3016
1 126 264 7361
1 130 374 3667
1 29 41 2631
1 488 949 5095
1 24 772 884
1 9 10 1363
1 61 522 8223
1 410 689 7629
1 294 725 3330
1 77 490 722
1 888 927 1764
1 145 149 3175
1 506 575 5472
1 252 728 4870
1 98 191 9279
1 34 861 9912
1 46 886 9058
1 145 471 3303
1 229 500 5022
1 341 418 809
1 383 397 5362
1 311 529 2412
1 710 801 6076
1 643 675 3156
1 25 188 5047
1 28 358 5946
1 497 689 4950
1 12 13 6389
1 217 444 2373
1 505 657 531
1 231 293 7457
1 148 927 3413
1 58 554 3402
1 5 61 4306
1 53 82 2704
1 261 679 8411
1 232 261 880
1 100 188 6423
1 115 517 8842
1 62 89 72
1 91 756 1814
1 694 855 2155
1 112 716 2721
1 9 95 2102
1 1 1 8705
1 16 241 1769
1 40 67 5461
1 497 722 4758
1 202 643 9319
1 745 814 3839
1 70 303 7599
1 83 551 1804
1 129 196 7268
1 925 937 6008
1 367 946 291
1 127 261 1792
1 36 687 3821
1 134 874 3152
1 402 540 6229
1 138 339 4139
1 243 428 9529
1 138 774 7131
1 580 699 3909
1 260 735 2467
1 284 626 6183
1 43 64 7882
1 546 663 1741
1 115 922 491
1 116 769 6194
1 126 172 2596
1 88 676 2975
1 734 760 5315
1 384 482 873
1 213 292 2228
1 411 868 7669
1 173 716 5665
1 440 693 7939
1 911 924 3997
1 92 129 8440
1 71 256 4963
1 212 534 999
1 330 368 1951
1 9 549 4091
1 28 578 1209
1 98 235 6577
1 291 844 9836
1 56 869 2345
1 387 523 1018
1 1 774 6519
1 425 979 7780
1 545 584 1025
1 292 322 1946
1 146 227 9347
1 331 353 9169
1 2 424 3194
1 18 46 8685
1 43 110 436
1 24 51 1737
1 126 140 2282
1 288 513 7765
1 2 11 6037
1 182 191 806
1 352 802 6361
1 97 264 2731
1 27 107 7719
1 14 461 5275
1 9 748 5259
1 170 528 1076
1 214 566 3457
1 20 59 4829
1 111 165 8819
1 42 51 8730
1 261 370 1340
1 285 336 1331
1 165 440 4732
1 954 984 797
1 90 184 21
1 76 328 4483
1 811 998 9258
1 173 857 3806
1 132 198 3715
1 347 574 6611
1 766 858 6229
1 145 294 5343
1 32 46 8833
1 225 880 6818
1 494 835 894
1 43 176 7825
1 107 298 8989
1 730 731 7481
1 16 821 2050
1 140 552 1282
1 182 257 2614
1 296 439 1865
1 70 92 4404
1 127 967 5210
1 34 473 2635
1 762 973 1657
1 15 94 5376
1 293 663 3370
1 7 26 7944
1 133 540 2596
1 25 349 6579
1 358 559 7785
1 127 332 3268
1 121 451 6278
1 476 638 542
1 201 372 2131
1 33 542 4509
1 184 664 2794
1 21 41 7426
1 132 379 3431
1 209 603 2924
1 92 102 6025
1 155 733 3310
1 1 3 3861
1 64 338 7100
1 50 389 1176
1 168 558 8700
1 249 480 7562
1 95 145 4670
1 113 244 7398
1 305 478 7490
1 228 900 4608
1 400 638 5616
1 16 17 2169
1 210 750 957
1 663 879 1341
1 106 546 3731
1 393 552 9677
1 778 792 1920
1 848 965 9279
1 557 788 1651
1 658 905 7584
1 446 947 5970
1 27 103 8442
1 452 479 4009
1 552 596 3173
1 164 522 4719
1 43 474 8312
1 227 744 6884
1 408 920 3595
1 848 969 2238
1 124 380 8915
1 25 32 8734
1 537 840 8609
1 45 420 248
1 692 886 7512
1 620 633 7170
1 506 526 9905
1 97 902 624
1 486 732 4915
1 32 191 2147
1 550 905 6478
1 618 964 1142
1 91 880 2330
1 26 197 5375
1 5 9 9315
1 965 996 3118
1 75 260 4192
1 874 946 1642
1 25 284 7905
1 7 61 2279
1 475 679 5328
1 15 95 831
1 556 600 5149
1 2 28 8334
0 334
0 598
0 765
1 546 597 9425
1 555 835 6017
