200
0 92
0 42
0 13
0 82
0 31
0 59
0 2
0 70
0 97
0 36
0 48
0 70
0 29
0 62
0 30
0 39
0 69
0 54
0 54
0 7
0 74
0 82
0 88
0 34
0 10
0 74
0 37
0 8
0 2
0 21
0 58
0 68
0 82
0 7
0 92
0 72
0 44
0 27
0 49
0 44
0 3
0 30
0 46
0 81
0 6
0 26
0 45
0 34
0 45
0 70
0 6
0 77
0 5
0 31
0 18
0 28
0 65
0 44
0 71
0 84
0 12
0 83
0 31
0 52
0 61
0 87
0 86
0 31
0 69
0 43
0 91
0 39
0 56
0 41
0 29
0 94
0 41
0 24
0 32
0 19
0 36
0 40
0 4
0 91
0 66
0 35
0 68
0 10
0 28
0 53
0 48
0 72
0 49
0 49
0 29
0 8
0 74
0 63
0 57
0 16
1 19 88 39
1 13 42 85
1 6 22 79
1 12 59 82
1 28 79 61
1 53 84 14
1 17 19 28
1 3 3 33
1 39 41 54
1 13 21 38
1 11 27 56
1 30 32 20
1 18 85 70
1 44 71 81
1 14 98 46
1 5 13 70
1 58 76 4
1 6 13 72
1 3 59 70
1 69 77 44
1 9 33 99
1 22 87 74
1 29 37 25
1 26 31 94
1 11 33 55
1 32 83 21
1 12 85 72
1 29 95 83
1 20 21 60
1 66 75 100
1 32 34 8
1 15 94 78
1 19 90 54
1 82 97 13
1 44 49 16
1 34 88 75
1 2 20 40
1 42 86 75
1 24 69 42
1 64 88 60
1 70 78 17
1 5 10 13
1 22 64 36
1 1 4 36
1 21 42 20
1 26 71 10
1 14 32 79
1 42 73 39
1 56 65 32
1 29 32 81
1 1 3 63
1 23 23 68
1 31 52 2
1 13 39 66
1 13 26 43
1 14 22 64
1 46 58 59
1 16 88 43
1 7 9 15
1 7 84 16
1 1 2 58
1 5 57 93
1 2 4 52
1 1 1 70
1 78 80 61
1 8 12 90
1 28 71 79
1 2 26 38
1 1 4 68
1 1 10 12
1 19 52 46
1 22 22 24
1 4 26 76
1 11 38 49
1 4 18 33
1 3 5 78
1 35 49 31
1 29 70 30
1 52 73 49
1 21 51 90
1 3 13 55
1 15 34 43
1 3 13 47
1 29 92 69
1 50 80 3
1 6 91 92
1 10 73 32
1 5 18 68
1 46 69 41
1 49 66 77
1 65 69 13
1 21 71 97
1 10 82 17
1 12 24 11
1 21 92 23
1 33 70 35
1 17 56 47
1 18 18 7
1 9 24 60
1 77 92 88