5
3 3 2 2 5
7 4 2
2 1 5
6 3 6
3 3 2 3 4
6 1 4
7 1 4
2 3 5
10 10 4 3 50
4 6 7 2 4 5 2 2 6 6 
3 5 2 6 5 1 1 3 4 4 
4 7 3 3 7 2 3 2 1 3 
7 6 1 7 1 5 6 1 2 7 
7 3 7 3 6 3 2 3 7 3 
3 6 7 5 6 7 2 7 6 1 
6 4 2 7 3 6 7 2 7 6 
7 1 4 3 7 5 1 2 7 5 
3 6 6 2 1 6 2 2 6 6 
6 4 2 6 3 6 2 6 6 7
10 10 4 5 50
4 6 7 2 4 5 2 2 6 6 
3 5 2 6 5 1 1 3 4 4 
4 7 3 3 7 2 3 2 1 3 
7 6 1 7 1 5 6 1 2 7 
7 3 7 3 6 3 2 3 7 3 
3 6 7 5 6 7 2 7 6 1 
6 4 2 7 3 6 7 2 7 6 
7 1 4 3 7 5 1 2 7 5 
3 6 6 2 1 6 2 2 6 6 
6 4 2 6 3 6 2 6 6 7 
10 10 6 3 50
4 6 7 2 4 5 2 2 6 6 
3 5 2 6 5 1 1 3 4 4 
4 7 3 3 7 2 3 2 1 3 
7 6 1 7 1 5 6 1 2 7 
7 3 7 3 6 3 2 3 7 3 
3 6 7 5 6 7 2 7 6 1 
6 4 2 7 3 6 7 2 7 6 
7 1 4 3 7 5 1 2 7 5 
3 6 6 2 1 6 2 2 6 6 
6 4 2 6 3 6 2 6 6 7  

