10000
549295115
772899385
94733298
104837038
762477365
46791082
964277316
8815633
398469754
366378077
514354530
331179280
444019428
573527961
567941271
540802535
723698839
660847492
537788966
993720580
141219227
256202602
90317918
14069453
749799409
493565793
51253927
858415381
980982974
95079726
597562768
148445962
96229441
579332191
407604788
235398380
994930699
999723863
683261737
113069971
648616653
856786227
208771853
264430869
154892992
714811043
301635955
602726165
938322337
601103932
279448445
279984748
794705617
75256551
473175894
585162447
548692835
944176712
914108838
79055867
267726073
322794236
997772869
731619706
785284298
943452273
61960201
660415253
53505222
297972835
392206295
392085200
58396729
245156793
838058538
278756437
667689341
254903279
81124079
300797775
774476571
851154873
353376520
247113633
988015192
801498978
937099195
740863783
97276518
257004777
284490501
897639792
780904810
837361206
883758244
2994940
910943311
657215969
992428914
211871393
670179718
981031407
592716471
938051559
550094994
697111525
823836574
420413369
732792363
700341684
52813735
184163225
210483403
880828834
567172039
401884716
916112179
995794949
659194876
637011147
715771973
651238581
121318263
389524430
595059836
2060660
316714390
563548281
7602277
994405096
468547282
982750742
279095475
960637508
350977052
45967534
800930159
824803221
610455650
244883811
594085452
693913771
443477101
397871640
485140130
882685300
333835951
496379215
823847436
499153653
893584842
329544636
999829590
141332173
337470869
959792704
535544063
811434206
363050398
827082904
249495465
460546312
649588371
536458987
503875580
314158815
260306249
463299919
565219213
854760422
383051150
115575048
238893401
225697997
671263563
176195917
965788760
193075455
304292783
409859620
303672764
276782423
680571130
810154858
716393670
889038322
482438888
206311919
887131205
882195231
353980094
164954541
936392051
785146327
895986810
82311120
199822586
624192558
625676003
710080315
559311752
621378309
998780536
711019565
387255698
226961463
453843003
309085126
890721826
29923712
868365683
138249904
335830755
887209495
292406607
558457752
154019660
793605192
42785058
974157166
917068841
827611700
382078072
153974854
906039531
139421055
560045699
120170935
656983299
293480500
671144387
279035684
776826566
143512444
432202091
490717548
23582506
692494490
90431120
564632174
898368922
937064938
673762755
785278970
663558795
798632208
526780144
687485031
643202534
865461683
569925971
181783195
444799508
849533028
303709788
27942974
923831642
191753106
939549047
923986671
189521531
957632432
266430974
205117641
425987788
593118462
411727021
78864458
783849594
138738648
465665668
419085775
754474076
455555791
582665194
263825289
562594026
288599876
761848803
215223884
997067038
881883743
967924083
71848711
597612987
261540592
921647752
53725557
942918444
533217468
93214179
189591232
155876481
25842424
830555041
828702272
906665991
895299028
298515046
396778080
571667842
402280750
515720609
758026249
300223591
419091341
165833145
276369791
395684691
660132115
643386067
457760169
759712842
516963480
917897978
115691249
83412664
903877008
185709238
295195296
939847855
838899448
790990158
943937453
702277607
345031764
159671193
935436322
54953320
262615619
378633568
766617664
778308253
871230613
664576856
465806254
793303842
760399097
805752427
791275309
643302664
876324062
446535096
931186271
608211281
330686021
840062022
7550633
924116384
655239057
56962812
839266090
977903457
108672910
57301484
69700298
91540253
759904949
55799347
85211210
180668455
590232468
885638054
46326783
615049066
560794668
712471308
205309663
900343613
618689871
474746528
417330438
323847516
504248880
548808818
564777448
933645307
210773913
506620094
629961022
3171817
391328907
678713325
931374252
502151751
268010826
708288362
208748501
519662442
26511286
714807713
553996442
302258005
674466869
100594739
955184108
482745663
375112546
297930984
391978130
304695315
652112566
971259924
365342945
640090276
914006994
402648090
759145214
341659755
425823992
447369568
586126040
217736402
358169403
361988692
142062373
957663519
935251629
68596559
982342345
855662706
881371451
86312553
731569157
77700387
167043342
374475099
635631849
199650322
95626469
587740605
481413884
677632170
958540473
208520609
7169676
349537781
29189824
111467878
837078584
369955170
953853218
387154006
748653753
523336406
353911611
404923235
503061921
447485529
638286869
699637383
115386364
768986379
962115301
49903394
640991708
848272998
165995940
360888936
17234078
821173339
24030240
187905036
408621892
465025291
319991852
185436929
404485662
625391864
276218836
263712708
8039803
865697548
970463052
206382918
335888396
918624076
718798697
832618824
29420244
88271267
35271886
83849536
63128068
216668359
121315935
698972370
688035440
623441162
651725761
615300635
794924549
455621419
756645442
531810973
71850186
592136889
339308020
634561136
631715417
61074216
239493864
427930071
687111864
134115102
634724651
582665839
556710785
42481235
995281100
561451143
132070440
699534142
346534149
236133327
394973468
800396036
945802532
191034203
865476369
706912878
444711166
907179558
956058924
292232109
761798693
725621936
655524085
483930476
249575389
258414399
150256192
213455859
81913562
577723402
529972258
621685545
561068409
161670362
48336208
81807349
326420536
790082618
95396216
572731486
96916172
450888194
641562252
194303527
867583659
976780051
854792792
516820183
595243353
54948665
87535469
388491147
302388192
159949415
736715506
943072784
223996714
33999542
415792590
146059961
354107823
559013695
671119017
102324842
835503582
628137247
866021494
924009260
709502270
829909571
550472346
400529835
518554936
946937668
225844405
6061154
726303037
404655173
621091733
647949514
209524453
736058420
896277473
480537337
756169577
292763055
822317182
159841075
591233673
596546872
679570709
109522691
484124116
335929791
382402872
663575302
628265152
41227339
430458754
172720383
922894930
520194398
211179085
845587719
410871142
490487927
332252681
232979937
77770140
600538033
779707199
246320235
493002975
71743369
479123491
635460657
432265619
932699325
872758735
817213724
555457882
884139087
307604770
560303176
700624003
566007209
852888372
683318771
717495825
642256602
776497012
220435088
633481315
893654782
93274977
530977020
523333765
54468284
547910113
610961864
225358354
307817706
523578292
887388611
564061003
870056650
394260797
59250329
547514744
378097916
136265038
208735139
42387932
127660394
105912082
573862508
897399512
815260466
15382761
587016197
550568456
997325590
869074040
907904682
351348125
18566107
696638484
99114473
113938558
392659958
33543771
680442106
330201711
12488169
292361605
361551453
124095723
97096097
997587375
231555332
309437530
585230731
785971158
401633090
199487844
136128322
215793906
411720196
695000109
793296273
988921272
849698940
807104826
209880412
63581023
507945009
663708264
758748040
698404450
655535732
140033902
231808811
154113158
759148956
350930509
922125848
943156132
324660635
45739233
45381641
464671365
619667516
828880794
794858088
558157798
33021691
26940740
32835258
379525018
372493952
803490817
150473640
106822607
909769658
342258009
170086060
671235176
405132948
300732264
66252372
284001930
711958103
277250869
397909302
159312435
608977820
195984419
20365169
338373636
320803820
26199169
713592539
679697183
193119478
130069308
48770508
819032244
50514566
306513524
556543354
285875371
110058816
578662960
471752419
505401690
91864269
676013788
196997818
829724574
619491310
294255813
366701243
348431440
936023345
91482275
378431044
213507250
361973123
422133856
719418611
262283780
779240281
711514102
57610461
767864375
353775735
282361973
311913063
240510393
34781276
243608868
506907077
675823727
21834058
126347456
206050317
663913461
101658336
948039671
471860686
221178824
965805944
684352563
691511744
96843214
410547324
529096039
364437307
762781763
325746588
256493508
140019896
381307438
277912132
873352781
103369437
524588330
727598466
552363095
649696238
112208718
356998197
326845327
497171133
234480482
503101770
764563217
939264088
679746710
586203038
601602237
734329174
78955271
700505429
799774348
555803075
385969248
727929562
381692164
491162021
185150109
570827123
636422342
62006315
962406635
111609215
756861253
444612977
934949548
47343695
325963921
789683954
478733462
25651281
801026187
364435120
417859536
226275368
145646851
837377838
108230101
398214835
214593462
295831491
233723637
51350640
723659088
277557661
37619783
619370772
864391949
696381670
486352209
911154403
652852448
182157407
960996452
930335852
160198939
306410144
988875990
226855672
324719726
896731217
510136960
720754074
696588203
80327035
119195109
589288518
647579875
285718084
48239746
78679261
782192637
275830115
875907453
495031738
534240072
169122845
225513092
518508739
661270244
28060918
561119144
224101203
391438317
68496926
626878736
681734319
79914441
461837066
763159106
984459686
690355427
470408018
524322905
77121958
620227270
480951488
99482231
872834872
333102260
129030334
200609110
381545602
850840867
213457019
383858426
529645828
310898089
553462132
664108820
848515790
796539370
625329
909474069
760834477
255689610
135550461
552239879
970570148
547456628
205334167
38781381
169909814
980928828
212910833
354313526
208422319
775967652
402189828
619701654
352740110
266065722
672871502
178431472
572331149
663739423
427441257
797573839
84066786
784473929
618300212
292313253
115748370
43186667
34544509
607492531
392727956
312167158
218425448
685787599
234804068
193340771
356515271
131559822
940316312
958326616
201942929
484580696
454829086
759495268
894762050
845991159
291669689
296330481
443022947
959806290
700249754
720978611
879201876
791440137
6152431
293590252
684580106
962243186
249056579
965182253
23436873
445514714
28471373
989169301
330386109
744904962
833466986
383245985
387110608
646210527
573656921
640213668
940724998
327153816
699206252
565959881
866145427
436500387
706565664
354087944
845000162
256730545
226348630
15873567
794564211
683327277
366607533
989472946
668866461
143305455
899611128
961091653
149733545
663660839
327401075
848996853
576196193
700573283
70046734
249910975
547717705
43874139
584156353
429408059
761710269
726201617
427721203
139835920
222671553
79685010
707703924
433015019
475821791
467898026
353966211
453938191
326515361
456442238
708463271
749681754
496654661
835379183
250539362
794241622
867579382
634518100
784927019
891986643
562951058
49750914
668216717
984911883
22866169
567425552
497940777
104790398
157920390
315621110
670653545
91381864
319749892
918865537
593646916
969308753
803556187
630076255
209779439
164147264
765272652
770381015
610117256
716815273
589261907
910000359
305945567
421521940
936483735
402203710
211333556
103343994
396454918
880018629
594861094
658810750
175906011
981242178
160166161
267120310
970688416
888494033
893093471
464552387
726207485
79197466
801429202
146869840
265005611
503064996
286888743
629264353
769385052
889031194
806503726
750298976
316819560
966489522
576821534
321573489
835272125
185603283
844751332
31303139
543505188
286395716
320575914
829645779
795088268
398971123
296508886
396761846
593427705
472807193
860605898
341689734
36345851
837877754
649443290
521456744
559492421
377591205
825063369
591790863
575546628
796424866
740835960
986710697
658059564
87556824
476476804
909013526
735660269
721369375
581253388
212616580
467680068
529949027
691587472
641996713
323263663
829162353
197896180
217026715
206343161
665012321
399790500
47187023
895533107
988386976
720013011
167689900
453920707
135784089
853906251
199942806
394403840
90628809
959513806
866343793
704506299
222300657
710704602
240205925
576417901
770519227
197620146
187439201
730234271
751408513
186075249
515000289
906072461
988962705
232436932
212960139
195905101
896968508
952604946
749867634
29046792
808366047
881907052
45293429
668157237
634451162
550804471
608496393
150540831
844544068
839161113
239047358
478859185
999133072
179719874
690873373
323217812
175482060
910235474
183700712
808807868
226935822
314713953
841701962
256845671
182351218
721325915
295329348
698587291
514850448
75370012
620106320
415159226
4708386
374319252
397389819
916844957
157092657
252436139
332841382
825417583
583028147
786620685
803005191
284436423
309708797
838214261
987627667
619209375
361356679
461386354
530135250
631511469
112173523
57938002
650294424
381653875
868004562
989554986
876891956
43245144
681262847
757026682
155173837
781337957
779656841
914703743
36133096
962726040
655857064
373941782
726485511
572311272
576516113
798666824
294392684
345175511
685951364
540481910
902684156
817359533
489796995
535979554
240334654
15992662
407440413
907820887
983556994
646830298
421631464
271010999
731272734
834906484
20009740
194327327
14483412
314359890
788239740
681216504
264461648
851867369
833613888
189698845
963224524
33785329
410601966
995436388
394549718
241904132
689162808
529885643
958953002
314400719
218450078
405237057
165695161
286415858
291451972
27576590
360771019
35283578
546030302
471048159
830146880
696410104
857319623
300832626
550299122
716289598
804084786
960939226
429966134
361295029
993286519
10097520
743383170
375387230
639218831
345623638
99627304
683643747
575837595
338778281
73581120
577317977
242101406
34721346
560725156
777736981
6165068
632677673
563875093
111926056
811784186
2272152
733154428
374222840
186372788
363223207
954257020
688054125
562987416
866779392
439388819
181921361
795790539
598200322
143789879
681427730
175996487
148783880
957400370
282711362
544297828
869837472
122845511
529457051
711975526
918872147
864319032
121014534
243108279
693715839
732592340
651913142
783254408
641294678
294041842
147576578
560196192
39328755
39613352
878894866
904829718
114495686
414922060
779612849
224447786
699111307
939516438
154114568
157787777
900298956
916542137
843126519
889451099
63041982
613277537
730319679
540051808
188642112
241503483
344412593
134336647
26300627
888744123
887412019
293076103
307324477
34167615
168845959
623801979
780116431
703001298
900875058
594951849
317011520
586882476
73685430
749782394
124130165
707003660
555976314
912042338
388882867
768404384
313388831
426585337
526812527
781892048
984641763
616022889
173107657
95217876
494429095
495093671
306673357
176121243
760712734
719587949
773671406
11843484
609325146
511062231
130324921
703210886
197814402
68362754
369338759
980186454
704150115
717036630
869329792
50138757
173849383
659979993
133545011
589910163
733317750
641696643
722033051
791048484
72744180
675718445
784535334
988369476
983002206
839721128
362152544
835665611
961527100
450818794
958023233
952040668
140363332
563898980
48894735
504211079
387526475
586739055
916509425
997925518
968678376
163554788
569903378
740624197
26652583
515793866
729143150
825957267
463615463
538421034
952569148
963422741
423279871
854852600
759454817
216129269
58357066
822845196
44956263
59487810
420268570
244493812
649273122
321487849
211748976
353783607
407567368
810998039
197446458
768511076
889458374
185935752
134030904
218413380
125207388
64741207
427769547
401986427
381542367
261123507
653528719
730318610
583380976
985994624
722011957
100569042
145978646
747670803
217716919
696834697
409185095
6708617
743780230
658400708
491380895
591091811
959269541
48135428
182268892
211574955
155869228
41077534
561187302
846309928
751360603
656803432
477383178
874363432
928169711
463333919
377948520
567533781
741504019
269641454
206018278
978711804
3716290
57519886
786594559
383019834
268263949
989599587
1285835
724220188
879669993
514724434
245719884
591961282
804485401
49681051
93943483
91356824
843781262
256334469
779336710
246962835
567291352
809832949
821483765
184064706
90593529
224577660
468527165
588355427
819469836
478733555
899221552
567625027
402872291
520810640
648964292
8832587
145455452
69037995
211213535
598243175
846269202
297856228
582872887
380837557
577064467
112285016
963340138
858453417
703225581
268569284
706728258
611891797
160654743
668657204
704875937
846000090
539741896
849639165
733668939
328087157
255035351
681980558
848779197
831238954
584559742
237999398
637529697
891902530
271769605
966637232
620481855
826134820
83101024
305258522
426009524
455007791
138395806
869495637
470193320
211707487
880823810
980126081
477857112
215985269
212972740
650173439
758431584
538700493
536871179
194312992
594868919
331155471
423509051
988262259
65546595
822178176
570055110
845209706
378247258
91876273
389478312
555058526
872170886
957649679
364719217
369383771
167961796
200990132
475074829
206209412
803942663
14472939
469355967
109340197
387658653
312666687
355935276
718911572
454519870
544070292
79345424
454084303
615738395
999846435
96138576
261552429
574809157
205669304
451091466
9976705
323189365
261548929
186354710
283658460
29733972
399731322
306369602
720684758
713353526
173189218
895943889
164654930
806968869
755200166
453638138
109394847
430033393
415514067
88046256
924706813
849155216
247345102
552475459
314430594
848953346
736955901
670020671
587422775
617847427
163602365
250571705
45361866
158736160
425228564
786518198
460209115
134723252
625272176
90521619
42011785
822217854
375574705
284316208
140344460
58438150
244258087
558863811
709570874
298314636
268978655
475612641
824279526
765988952
16882053
388609435
924284370
744713263
593901044
902338501
13391313
205307874
604050012
814949074
25639806
169365760
40464399
576073947
271793170
864213675
221502856
50311256
766686563
789769606
354162896
253856782
934495258
618572654
636597380
281843523
645892896
990749028
679322527
513283393
459223153
617145377
966086859
903147927
469230717
782247793
803818388
229597808
36048518
58272832
302395832
62400078
534547581
682416209
63628551
195569341
899545267
1416923
837461773
202996009
107581319
324521188
873959112
821183968
857970045
42576415
139418016
344666112
556441156
404829206
13557172
778604822
842917560
64581778
61360539
611180529
249939604
945103415
57636919
407408292
996374661
699925618
117728942
799246067
683012703
684576146
902578401
506610755
711768878
120149777
929758087
109182640
99119579
568752113
418465765
392217406
393028728
896202050
374979372
35705127
735884840
464247663
881319506
76714926
298850713
300941375
686810853
639111824
187793227
470395109
700245489
778755303
86001836
455268411
142139724
707434438
91700483
483593767
691504252
133958725
845830484
972834997
768818895
990330665
137469882
255931088
193119880
291310385
691285228
579542324
611377152
660480994
401094516
514637082
397495714
574163856
263260540
372494800
633170108
558192337
946333922
539170282
629610837
540161631
575969462
431104462
932527675
664916223
752471394
198152611
132816147
826237370
152186055
893789800
333245697
408562245
629246966
34948641
836670959
750550914
750390919
418256171
265862782
425005599
852678554
284734129
903777927
428096348
791800936
839172663
575384653
651369963
457470084
879451220
664596033
781892336
763245492
986797692
321827184
423179560
722039291
596871309
933581265
139771902
712572823
826575287
346745513
689764556
393456678
634420071
415358334
745801234
421758552
390734365
121355698
158662747
939065938
481933281
523806741
501762462
944757
959963582
587556895
270819057
476855839
205173187
51178697
636380508
741938467
605083400
747716552
864490918
729361532
583214055
323431959
146061599
293040180
895133248
206746445
369819466
936713472
469035030
974492907
391791168
732128895
801044882
326345564
640010999
875858840
66363273
900272234
363818863
336400390
737946503
428015461
873846331
875282313
523646576
742302447
663052436
945431323
588756819
236213921
851580189
735237429
590013389
900652513
551944204
865222862
43092656
201690851
207542971
629327084
488355304
461616910
359293689
312701545
862053540
703463430
492206459
186585951
344758304
555273869
751249881
196465084
476871560
890079677
870923551
197823604
983454931
114828936
369934968
983338886
576532956
923332053
127261920
11256675
734916834
615060519
875652828
234763385
689354511
201432318
958527992
559920245
185661598
596373162
478199409
942096633
391132295
345514742
874917897
458911148
684532211
91779499
839817817
177607495
243467234
703548009
207686630
6476952
213338169
482157542
371538232
839264914
746438508
397988695
546088345
895391614
633481928
830449127
195713388
258742096
83924829
831203428
409054247
492478740
580913543
925297401
433846254
500116871
530281241
853793558
937285837
242344485
413297042
314538769
132380265
92360724
530903621
178779993
821817551
717691973
309971929
870980292
632314216
799153153
129728257
383526950
176011318
798457935
204416028
958311563
463325886
646287212
147047963
986912539
403845749
230070673
352660137
905321030
925467042
594711342
234801378
43700620
505488994
71954118
125004265
344989286
878979574
104068828
438591766
213900483
721456183
149568531
749232953
700231151
940434869
87242796
25443256
911141871
809112395
704149167
487213981
515337933
171865420
554114048
732577390
146790371
959020355
842962880
822886783
175502285
483664543
238047729
124643208
560181625
354545175
153670940
708202519
847445944
329215648
705659588
733753390
881211788
42280172
749318328
144057800
272196841
928053294
190131769
138360270
613003347
131192029
626041998
274378862
198921231
961943681
868367768
337093304
327470917
687621266
453779988
477406536
377498064
67912063
182904173
735679006
215719590
602085322
621199676
433558410
143162591
15521104
434262621
652718146
966842724
595333799
951552943
678388374
513282869
234146976
183841383
661470394
849952342
52829163
309222929
29514818
859426135
47214298
892429861
774628013
981083007
277442366
64812866
400312600
384502676
906696301
455694858
338243859
53496650
979304293
610133401
688103057
879353158
365354251
317439394
715326201
640541645
633063052
560372776
312359257
913161229
649576933
782868183
563519930
494633992
586158205
258041341
632894862
40435481
351305711
729536296
546949958
791057701
313769702
98043740
679874816
740681311
317575714
493794033
755917918
504395703
134314903
823686407
448540530
454912480
287664052
104555687
900337365
278205692
437314753
209867128
218087639
630508775
383585889
385462224
607336477
193033251
356236181
542675785
170830501
874957236
617783815
954815851
515684016
725546167
981837988
215887359
392845751
932819457
564081569
136368130
209099867
778399650
785569072
512500608
75479131
569660198
788081000
560392434
731534803
792148277
451179720
374147585
72938825
626093245
900936793
23986587
767992794
927830238
160218739
551936389
751078335
354856870
585413674
417948376
995597163
233819632
2135041
865064636
517747276
670611560
329768400
493429632
621013346
646199873
522507279
243052158
970404519
595964395
951967505
955225708
123338385
588881745
349445697
609169331
198440051
889635009
534592643
542069775
336731303
630279990
175587453
107632883
482870127
335244231
899399984
659843682
828182205
50525207
248479235
345533908
779851311
252333310
61368949
5202232
158381729
116095830
276565503
722713356
708689068
253202116
332207031
471605437
996010052
334474226
949729651
299728991
726100998
948870203
231007121
123057380
360487644
936973434
537856266
942849832
640954633
492505087
166539970
519769438
437547466
289660944
886755208
512587129
331925928
622818661
642814819
247077966
216969996
144982625
254376063
406002592
901826130
453094240
421562771
413181425
466018101
824467393
928647572
337783382
409102909
332520645
154130224
534217437
414408519
132067112
302585019
831255909
213354402
654595413
671678740
505292802
507765772
273493181
645262629
23645730
14306034
46329758
98336860
530897661
616914688
595416519
67045187
988427563
89478727
69905854
617723727
864430602
941192815
865840865
326594033
212171557
638881006
766870634
58379547
663229411
161483707
559957592
495660366
406126065
985433965
464234682
262898058
989205
628242462
516017340
290385483
261324796
535568582
862871983
650907310
809462674
327853567
647998335
13757777
34828467
641349754
786594308
517664195
805599530
777902212
247600044
227370447
951276860
392199000
886175565
350398981
123242150
200454571
359632375
502831355
21877931
285916881
421513787
168380569
204151422
624943250
909624318
803579185
641526517
446980585
875359392
213263564
832108940
786175491
221606931
162941054
236702665
401767196
915019341
197240551
447967830
703993705
257921836
303040743
281308854
141530211
395024254
980054231
3462698
56793332
52119436
161202071
416152856
945406344
810439955
148007427
821319826
661041609
501668572
181234052
941613697
588236418
71587322
674653122
781567086
194855845
48182432
116480887
510396652
577834599
315259548
723344479
603657638
826710900
596030540
845030401
822492082
861193244
226650966
973098093
991120376
601693776
783535407
935751294
843351956
825750932
799292033
287843639
993142214
832939999
653521036
365584313
884516455
388473228
351041344
913053422
175604449
768430257
36385349
186565721
781757617
650587008
271885380
542231038
529410586
5885113
691068120
458720057
957864476
949417906
143904773
799602926
224091141
266352281
282667621
789351215
775944450
196591424
37158041
778983239
301848885
770467427
853396357
594932615
255772901
399442267
503841181
529580571
695605016
10514027
983150897
721128880
589906050
842706229
319698331
34880262
58657341
352197634
6276548
57407044
598977822
12562862
817054911
156143093
336005155
791534643
776028067
828788232
761843152
29931798
614941198
64800248
519774421
230480628
182144777
512068448
228931086
961446607
295455474
887170784
679581130
44408448
593506252
480709723
492169340
993382395
770797102
77200443
449838931
204467867
682509181
529192257
208091985
21015933
623171550
493348423
19819198
305403102
940042096
594004324
877085190
417142728
3309618
793133884
353560410
320336485
309392046
888395755
891007391
161853942
555697599
724410707
802070188
618485263
809189186
498345226
688323417
693181229
23612235
713459752
887041115
994552416
111654147
494647903
275744604
382057264
381790056
575059855
707214676
407622311
643808360
252673986
359512078
813256694
370495727
854173333
66311413
615083676
744327489
441109387
798642788
226006048
643001547
877216136
935130335
931000528
201602487
263530727
428108321
137850800
1787534
315823710
792420231
962716830
63372849
563593907
193034145
679183024
59390467
562024150
900443036
640098172
45352937
794312377
696938521
176027270
874409073
432035784
686578968
606236482
242976014
599284999
870622995
638574535
799640705
603688648
820314919
893498387
14294356
365709317
954537581
394959349
265038465
55988575
551117416
388866971
925353007
213078964
894792342
496609464
771623580
807276631
578472745
554702929
717894422
495552751
504280272
241305381
627156771
961720045
670359735
638308288
831810219
568626937
706763974
27401246
568090218
439829655
40432233
290669368
548530704
652846045
338475739
180879837
253345859
911987269
670862350
389962623
479063201
194121622
860434008
562681042
524177377
877410476
491978307
556675103
719349890
72802895
845008696
209466016
418892436
340063620
879083874
499437486
150704741
862673855
764383455
349288810
972164559
931352922
634687251
671842318
49713691
19575874
713876062
376256657
930044593
728933672
812057917
704563614
144299029
322208557
800333915
275267744
779439120
483745867
67544076
759735888
518961049
535385979
140358196
773704652
486818114
471732622
296827486
384227632
979363690
434595685
612903768
766984857
947683836
626260082
924098300
391865794
768211170
597606205
580240683
140495753
866537729
530688165
666225305
608921753
921098307
761643173
84095117
570322093
422593364
523766229
467152477
275207681
862873276
405034072
3410928
730444726
719991902
614870293
755180655
807042755
266048640
145874529
840166878
236156372
12426339
675402146
146164132
969599538
445642918
953216376
814801872
381151426
65163211
56323087
146253079
405976895
124685904
469178911
605578280
866729672
870890265
942975503
989594689
924108520
956641930
13202493
761299257
951809123
96749647
372482027
450668837
887138611
108305437
987345438
796251925
352953313
729575035
970252020
668868186
71519592
557373075
126460007
390999904
742769442
235886367
345655447
775141418
660587674
233992235
391853264
116203391
703502506
161770464
48741518
614419748
656689285
54435986
518356154
317629446
850538982
741614186
944266772
131455327
193398419
820385916
263898998
140670510
747614211
738438333
328085209
159004705
579353425
216373404
938240990
919926202
718077959
540869633
518315099
608620383
98804572
646765973
756895870
632085728
92373773
404424547
274783307
415015649
520171664
418754865
113607558
103231192
254571336
931868999
822490105
342687727
138997434
8010792
756347750
173143443
687687993
500501351
674062551
852494752
205575811
107342001
80211220
593122847
424508798
158108906
72321364
442117599
974686835
420146258
945948699
388980869
770083928
497880335
132858363
773812354
563519153
917531178
967996305
100061179
723928024
36551715
967660371
797217227
531487659
210126055
355473351
885421314
541556921
114946658
811326919
432168428
792833880
452451214
117506094
582752448
262689565
386176315
931214955
302056240
936466560
444745301
836274786
781689717
31290267
640801621
493425099
336241644
943545295
942792180
364810495
633566997
941443744
180707321
61296225
473928632
610966323
465532523
865009442
683940682
468204163
374436436
972476813
671165756
609811985
225480027
531236509
42776848
324362399
257291955
97355271
984829592
254182906
901037067
19569228
69782275
847292556
355128505
235094947
848582159
737876354
982002933
30270812
125975816
223798530
291426316
116076386
321561505
637638457
816678194
852577520
182840100
328875134
412960566
526000722
845391322
827461856
512641922
574178221
156473459
855943490
658484204
498458621
567367507
398537103
595386148
828387881
988578287
831302473
294819111
542142053
164385152
734133109
645312302
594940760
664532629
891864602
463941379
273479117
671701718
602016883
675217345
947257477
338022105
642508576
392611559
326737401
321459912
224306150
111405938
804767987
706662200
9363357
862444846
43454849
302872465
590744919
848564422
517625102
115918901
88020072
431662426
148796384
643929830
451146002
771457631
531081331
529909438
141213985
395972808
793138799
141116518
748264403
733612639
118501883
808133316
837688269
458015257
37329685
289449207
746761633
367700420
280391696
234505973
204704779
375124589
104971279
70437397
272659993
251926637
337518781
132546953
483258140
376412015
173573261
947248252
818371000
266522399
221782812
918928836
306538523
39442033
379322804
976199492
79617866
602104715
801368554
462676705
989968279
881644112
48783975
97627183
468741514
591236547
825239383
641015248
826660531
467146125
36531607
292612247
282960481
275544598
457074935
475895115
579374158
656888402
905080262
149417980
428847608
364998600
493332849
717915922
291451478
126820431
885235792
95331379
406107449
432193554
352781844
150563726
818219537
148212520
365326429
946867721
235272144
372514002
657534988
441745132
588094032
554564070
878258921
775630724
368103776
320110312
268891367
833608602
346768980
848020725
905104874
476837247
888505295
828669246
143851712
270219852
662589468
959772137
414962442
252469900
292922410
831982217
784154565
952592631
950775336
386611119
551258228
711538521
438742457
904639898
550733036
173164434
738721236
579032073
12899260
689987766
295524412
3547441
484996406
47434324
654247062
466716107
382438686
485165012
732942636
216297541
378990831
907569146
167250749
370212632
144369348
124586631
441999102
748454969
136603882
933240318
897155377
735259049
536178052
904286305
206047015
220557254
164349664
486935479
202413318
20666507
166592163
163675004
430644761
398145325
237093473
906744108
243506890
5567949
647423261
90770227
752440650
91711939
452748871
562236130
919714326
277045710
179231841
239715944
491302128
125152266
272495961
586286542
674331507
110048541
542355669
786724623
704084029
893789581
593510623
739094283
286045421
911688695
547575777
279083456
551971236
955602986
654207868
300532025
708789521
642346653
861166603
342549454
850306635
635760562
800507141
455477288
630879323
803499980
902317054
400027058
565563718
517293644
893746241
995094631
88851723
61564138
748208536
888025329
193308986
538196606
597928143
540190690
270697986
988143524
432448341
863210601
198073111
502429279
770208006
852819767
922786903
389687374
960203472
983679525
323574101
704575346
77982910
413217105
847583916
796364137
36219186
528834082
912536993
329534141
745404078
562135394
125976375
330924015
555497260
259480551
336923942
319048328
261356895
90959789
39115242
675811006
634358801
404066959
661667319
152997823
482529707
730312354
845880841
778878931
984124463
129067162
744495573
368280367
619225418
126696045
71022921
31944467
866067016
895846410
590352011
406697097
469554622
504937403
128332905
953810182
901843110
684571549
313253979
807799992
938543965
839245966
68177032
303956125
485214268
784528842
750946072
230081127
50090834
560229042
144873495
791981934
895889642
13275701
52560561
570751082
879789749
910928308
225494889
802996254
533985685
880395781
202571250
849180979
356028424
472620692
150402335
27964719
390895267
449026496
820511812
692288122
698521265
379521813
656014329
927831155
82618147
509295121
396281779
695641878
148831909
841451699
620039322
846022182
542724677
747628441
693975415
322087146
734721491
414679169
883758387
397221783
705439370
516801872
729001907
143433034
739473176
593465939
714751986
702736970
613700768
87392185
984636452
887582294
465570459
134004990
418855729
480231620
325744789
983408343
315558613
777301241
901684622
108598809
782402854
483479393
10030107
117723537
30427757
972603192
112682851
6256606
382441201
268711158
384625219
914798826
722516974
374341461
87478929
455494915
236190117
799305984
638862462
655198106
703177869
288934105
656713749
552965014
464124327
54664423
451656416
122314582
444479471
23704539
13484969
701696578
106720494
711526717
244257374
205411852
285595757
770457656
354307598
534407561
89773892
106032894
806316816
726030630
854241104
744925506
716614920
35259522
872449232
962190959
230388932
50218772
363220210
157720778
593173688
635313218
554771351
659287300
280677801
422690110
737250793
326178344
279637762
556985102
170205574
266604860
19173549
335288646
105562086
979756486
514571923
430179928
352415578
525120434
369926809
703632970
510163477
402734637
275774446
27840141
501452414
488013331
49160479
932846326
608239559
315625351
698635614
839113654
25220933
543025432
903046449
132203749
435882502
168256695
120446835
93036273
364483287
576244304
210808362
829969635
435716791
103623879
510455806
767560538
698156937
651903038
429096746
473513754
895219785
739745678
825248688
595258231
771813605
322392940
305758426
846084415
637448202
663732059
804034150
287015807
933345821
778315099
205126933
54484231
884474621
423420254
40907440
352716361
521239096
633272271
733258490
523035714
298188428
284252828
50880749
145533847
929889277
556671716
422335004
547562314
257332488
317929791
860317239
248085785
644611825
452153508
250111149
182139193
310735867
473594476
986145560
193242688
747424708
857037388
551574166
788352336
781753961
177997239
620616341
730242900
583265687
407274716
579711882
103677639
850969680
22445108
640501033
347820325
139044801
674844390
290232752
868848690
951553474
554961958
543376693
328308195
562773884
762108455
137081368
889681446
661697726
201034391
386113513
736660968
309772181
937494911
270756129
194814176
587179016
429249024
491405050
152836674
368939679
462761626
363665149
305078682
286222889
968695604
588829059
925390893
226500721
928442443
5258749
846987901
569844384
935717191
151824364
817491433
78277669
590219384
998006150
398658785
723191178
782166181
458853686
155007357
244374340
460503928
22926544
897163899
440922741
23038111
29159520
808811007
24555060
275914926
18890400
12209204
618980228
126490942
918087580
462980117
702268620
100885274
936780332
199571783
725309087
475855965
433483251
757877143
183348807
408616580
356394128
253743704
152877855
968619908
842314322
358757935
345081238
859001250
112675851
774460282
456624722
283013117
382190941
481007472
340212842
986168171
682122218
575371937
869545575
224072174
170502186
341257960
998733524
401103931
429902727
919095159
819066166
153615991
581556428
501815590
706287493
576969338
746615506
214227396
861449373
510444052
859882164
876317951
668918057
13017305
95910854
343880926
522113453
552503132
275645827
599981425
473938684
108139955
179307618
937707647
476425528
109791586
10916993
214494651
128808695
120560619
542163314
75866664
910307911
660479962
715916660
489661846
663752743
93244402
993428920
663278201
249156334
460717642
673168858
466696028
859357946
481948758
164260412
143294579
366980732
471785853
781803698
188043540
614129240
354087924
260227367
274363066
47023390
434840578
389926794
594615577
454616529
851204707
416364991
999388045
220089885
288334584
943757860
260196704
291326935
343923672
200358456
46746296
665442003
74379378
196902461
365997278
189846938
833042767
840881797
267017113
129222302
33413196
398993749
250550501
167620914
672191888
501221550
502357552
552888871
152017791
688472407
726617913
720707079
651031209
935735060
167739114
675466603
268544760
534497610
44387651
673197853
671990907
212868738
306724245
9429225
853886111
43833259
611788265
840388005
793892809
330557579
872217718
486434953
588435090
241622954
248977035
895188682
305992287
79877340
416991105
854479518
796624631
89977921
291803561
979059615
544026271
257201223
819866892
825753148
695862226
837328036
83510279
756026125
267809911
296154806
192244959
194503510
25643601
112838557
828410990
149243829
625144126
964265745
2836371
409200731
856348216
364536645
743781557
556647208
762610269
55963098
100783959
69720604
478106071
248011007
96188726
310106226
200594278
292673717
884522802
617171339
905472150
688624406
606289514
82416403
385385266
852050916
506335519
552697550
645826146
296844488
728466564
93596815
476214288
623740767
889065964
640544218
458703602
14718991
976480802
786731615
923545041
59731238
531991185
358217386
844480879
171378023
537159430
586032811
636745499
87708576
584825257
592677929
682279517
618085286
98961631
872480881
305350293
918963372
237538494
255141279
597213474
270396777
160683865
524403300
65292176
207492938
208327119
980455979
375135575
421918024
453951203
864938068
17655646
703208272
640147698
635935946
476446896
864094817
419558424
717536835
637275092
937910001
562524407
794887387
445037195
857983640
139873171
217519355
695661670
63495889
854210127
465035479
21999576
12013233
419337006
413854233
84857486
714775385
78943574
989618371
687502960
584553350
868659380
779741935
6184939
670011566
293908554
962159987
673292889
153672372
142485600
28911920
713330815
913092935
429203928
874294520
157017391
632322776
548267167
758784025
51434510
726448960
24764298
132614256
446385607
156427697
173382239
746138981
432033426
202200271
302436795
203895627
451420169
965165947
956968666
47551217
358446868
839034129
329372420
802918414
91477627
863889900
583554548
754748116
837575959
898753168
348653293
263266047
81551277
160368192
460518566
515702053
215128123
108706573
624339714
214247639
975401230
24293152
331018344
253901324
143061864
878684563
948535686
279511393
660864811
127824758
7007333
872158854
998924194
736743812
793098653
615773585
17387218
522109683
358573568
548481513
730867562
839022620
402132298
528229587
404258653
694216608
101533984
366489324
731721887
950318042
586959173
197252304
217252203
592114204
669765895
625732941
880227969
568405999
293978201
424495482
782050511
882147447
87858830
599770081
373584828
472469493
448021684
283487447
787947026
251328395
27217901
835961222
754524746
695826720
57326719
777592036
189602944
532162571
309997417
821233371
727812172
646461505
238368730
775852387
994322374
448227994
787570644
988922979
147302226
548514157
697912945
990920078
813869722
966052185
481950191
492042727
266666851
565359895
844801237
667782112
890873138
87087213
466095685
630994118
396325140
442300986
545608567
118265911
542652859
894620001
559434801
218390160
753008517
306242136
895249773
957626343
850113130
858766131
159382889
246401410
949733741
755707280
97576493
898685912
133088944
842882727
58559750
568941669
617650023
48386508
702175021
651850548
461725698
984788697
892142372
647298443
237097015
218102057
674609090
515296455
842946654
198236968
229128870
679058087
382113425
444843285
213128771
301221907
481426644
617922817
176399672
319584428
725805243
306106360
226217124
475242015
193834184
440119096
902415972
464204780
461264310
119327571
633927458
760929493
669721696
336342517
732128528
936151057
455534893
717322005
241745445
114533344
908534752
408956168
71615615
631080146
992667542
811320242
768718847
180664704
173732363
474566135
644922745
755400701
877170474
654328911
432089707
705047348
143262328
660077995
575442089
347823496
639524834
910212952
157243178
958073876
525954915
468926526
33408225
737345881
495580594
556705880
914406676
524825329
334309140
684730336
818301326
987655468
745739622
213850851
439200642
94494975
472228006
80463955
957789555
733299273
347288280
508666696
667980340
11812512
6783462
304187183
264542411
178272988
219356154
255120302
740295973
220213523
961444512
143952391
936361395
382093822
686969974
356107890
671605798
475237937
96333679
175209894
924690890
428882021
688635331
707280503
224065916
246599921
994161015
953346457
627254090
356756056
718356612
410401666
716403621
172711675
257302439
851356270
386129989
998077935
418573764
866893948
133752986
472287465
611302392
132790774
637907434
339246422
611796538
791537582
575641867
519688327
591219884
436925827
783328703
677346058
724751236
862939395
856120596
118883217
643724842
442692326
373920794
833870701
525433417
381950547
252681598
36369666
647359322
344575590
363094824
172006255
572636016
843264169
136668755
138123107
165332784
375255267
761820820
469006536
443827479
247938984
885707962
3079975
451462104
371807189
243707207
638365789
438637058
500546282
342544108
294119260
269859525
646077073
268819438
805934368
364423248
111152029
620049479
622372313
21171757
102620283
453588118
244315301
560696219
158669610
700352440
786958310
303668125
371297880
344966413
821572344
486664363
68172747
421658195
455913447
530677107
700501876
341108419
634979776
971370697
529471426
316276749
152393396
482029070
5332416
29367227
555119268
213810580
100221835
995031129
20216976
91779317
429712868
159221833
980288687
426305498
629202219
829624305
624783705
451566360
333534039
226460363
546888689
361262471
391743676
373931856
156648227
806448274
526833958
454579902
171483031
978610003
95063311
88463778
316033940
576674818
62813266
6044146
792690070
729907842
796775945
136290562
56625546
731846700
958089206
355517231
729407163
675424104
676186481
847641680
677537963
808673483
351607624
733810574
257201677
59955256
497099245
281572216
709608374
157338102
549869166
65734925
983189115
345629514
289327237
510988994
212727690
795780902
167743510
828273907
457763802
955621498
652415363
739250666
928885945
983315797
780289065
529193813
883346753
416620247
244286806
217917241
158420219
389848490
398471495
575577976
885260442
170835034
491254206
751666231
509408930
734034583
732714513
906694704
392998320
652932568
901670735
392379744
313425580
873099836
837820377
118786623
631608139
881420557
877636595
696597014
631927740
615143615
824406432
287814358
978935828
881689244
122413755
621446187
643738437
228782639
55359587
517269179
652451008
190798432
85585900
76980056
186921583
644959268
235996113
707718700
946979617
381821236
39318918
364683362
710052500
600476131
118907878
324627340
470368321
607519194
946917033
880359105
949020888
264901747
431378026
176601940
883573344
287497058
34012013
547941621
995257663
191666667
251843899
380758125
141737473
208412338
55196177
259938689
136979645
495543622
68317703
924955244
855760627
47092871
345706168
873647915
595844607
673829375
127695179
559822118
339295475
903917002
293098260
703238697
538941713
978838306
499720282
141616380
288340818
63763335
519313716
62929312
649846919
281918092
728051497
434867247
492962351
25586501
867933491
838784343
651998222
303036281
675114242
149677759
800810210
730468827
808247354
87717122
373923042
170495804
878552375
952558981
180059303
435467305
783996682
260639721
856091320
382249649
735586065
192538778
891347377
593076803
20443186
23598212
146038542
323481526
250968500
933361126
346135193
875627875
78984121
257582655
30495342
59239789
553840476
774707044
316346792
555220001
598066787
753345450
160035960
284131489
836137826
249097228
666143417
592427243
341566193
744992031
83249588
992757950
160373023
165156680
611545527
474498548
204486049
247685417
219002789
711939599
447642602
517486426
996792264
378286477
284583783
30769419
391676846
887490811
662891223
288551883
601103716
634410488
454341517
126418603
358685033
798094239
318443596
541052639
523489274
134492481
228669701
847407414
201257597
743944621
581352231
436391046
712634877
88526487
172869125
135235013
249132653
933569451
346544460
34497857
418964134
501387605
972179761
497913016
812234339
71043023
492683019
829215033
719149278
384327419
845899422
258319923
793188991
792318197
280786345
352784535
805733314
691527761
449855644
580758188
768507446
380999158
260275302
63252591
308841377
452886166
256182125
376457380
641968449
999606729
116950935
530384509
568638253
564195013
737975173
648917478
791057882
940145340
983162592
142962795
664388026
191760594
865141195
967317247
320392634
811834744
616338186
558507390
332859628
355010917
350429358
838867844
540840552
251023253
866193082
333761073
493898474
122463783
293868026
723239116
623850739
374161767
132270240
343400088
730101448
33413165
150919506
34507792
10810612
230779043
382081785
345966136
718803780
80468828
608042547
103988113
974013887
464712178
432766452
256507078
120685575
210029101
746788635
785392600
596267159
261035916
684918532
648426579
91359086
845174488
911479161
866383661
268669140
462682559
635916324
683562398
342590344
342493755
568384323
570825000
610439112
163656754
223971057
222667102
491897695
650113961
520745649
441441241
976141675
971953486
748324678
841746410
711697705
586981571
715959522
392751998
327072699
775574249
667284994
412899934
1592197
131910885
493597192
707807612
575474933
954294215
254474895
792028891
405167400
390893444
452355551
171659293
596341932
382602124
305532540
506132906
151405152
403880712
648939993
656141435
468855416
812858546
434944042
591901312
979717021
452430416
652408663
27068340
650385457
5153742
401303820
376882107
569007536
110160877
7372340
762300466
669364944
723937767
755772321
291491341
971548561
47933346
258005744
618640279
971319872
60146598
520905480
580096236
393189165
41776295
984098430
38120068
192934071
73665956
625412635
144320057
638423113
347873047
446504720
797420834
459994654
498918083
843896225
869038193
517240794
933906385
364030122
455709327
267305869
592170932
15476277
605805526
681519651
157248677
112706693
443124422
164881398
843842673
678729426
252965602
434217049
293928689
688704776
932737181
666242508
958054074
784254440
318082264
857465489
624160454
186519796
476118686
605480423
415017383
822611027
522409311
31372763
358205015
14647886
405855837
56336217
264874975
436279886
828099143
900474038
909944700
804909756
109050487
947173226
86490992
186750728
562544347
301871202
201303493
763755270
186484820
631692658
985889522
442271013
560688660
790948062
277473876
63706843
910499203
376144714
570100734
628640270
913755776
561535919
480200947
518978244
258104789
159217123
706193378
476663746
7415500
275200960
547942927
991576261
131114228
792722003
420863068
401880698
568460133
999609402
489384800
569786390
726079038
200791370
52191761
305424795
523190883
517532474
175980749
174909554
333143963
225268042
525732895
632042054
383133293
618936884
502388599
129647014
2539625
103121028
836297700
449150771
234127240
808011731
801760295
53374386
264786386
217954245
513509192
634576512
223647060
530337298
605849300
796089266
267686704
374706482
564678470
827116493
196929445
970861696
526916894
38540337
262803420
108968568
115913912
582130276
226515655
922810864
929989896
379442963
515647325
983233558
531978806
448669825
786634729
744899930
119468263
226538132
461966649
364456418
189072245
402170395
749435857
820764632
228655391
181233961
794863622
122242885
525389855
47655080
112776517
633418777
413933729
171608557
12133630
834142096
745358386
451216460
570056284
218329025
548589479
835088241
894984445
196071146
803316669
475009388
721766851
305016927
712892250
556732065
174096657
307663711
678756483
121831359
764850195
656030264
123721345
204374947
41808349
192439990
364250430
15848889
215867264
253112962
434032416
318513814
599365016
751433688
926273999
832718473
702210465
719640
490314229
223590487
400664092
51807351
948171975
665015465
302401859
433963403
867472275
910234571
743504669
419041351
191123534
345489515
615384586
39771810
20258555
140908645
823321843
387755309
656265618
523743647
858724586
847540349
157234341
293196559
908035777
74861032
676552681
982652073
834155022
36252858
775030357
735652164
331704453
657085118
590225608
806096076
63429677
916008485
55842269
105800381
37608481
955113826
451759903
408487995
419464612
738417116
292566627
638511721
125499209
882282164
669771410
548892940
341051005
793632757
426345093
688715965
825388606
96342106
482258441
272358090
729215722
821760950
994317570
53785906
526514180
953841835
839082268
456832045
175989515
937358587
880604891
159943817
607047854
654043171
955516672
459388124
910403022
444026420
208400628
920828696
485410780
518330078
231141391
561251101
211664638
427512148
55254738
365497961
331884253
727959627
41576382
741284075
94410784
647616463
314049269
643586570
446367513
685228696
166085711
59501572
26426819
221995004
986419717
932786555
417470854
780447655
118612207
445990153
63026022
545881055
539575037
766951783
388748041
265837025
165001971
686877343
669922643
91968044
19825126
68729042
161416828
722927296
803039653
924246869
900297604
891380752
574094275
100349941
248315220
114794262
937206594
708307035
926259059
266165376
545960158
277398411
320459361
924245768
273504755
565442438
369421716
768688865
597965835
635910928
368358668
933826637
849659144
347871116
983773845
61707084
258775530
879570691
369049241
685266542
446189118
350536771
620096159
521138378
87453732
770217764
42104676
360501499
594505958
109212308
46531479
881975467
467024054
903671333
271768580
172411278
312685393
406746978
996955900
414366909
202470190
756577252
486463089
13359933
211076843
600675211
815246173
903358017
28649385
848438265
559895433
993748624
675085299
200280932
473400353
307275913
784871644
38128294
517476194
72406919
87669940
336354417
780605664
134098272
914404198
807766943
717050484
698695176
266127473
168013250
532646739
23214721
280969772
172545635
669738200
460007081
593063599
762471603
746986481
794450752
820624741
415581496
482818526
282243157
556287012
601363629
977580553
89717200
653236854
462379179
462193764
101536550
229894096
676293363
781664238
923767480
540420829
509313370
907973461
554279113
655527411
883871825
266794934
961316890
336049831
125926928
377505152
441759356
280570463
98359670
691081457
328977078
858159873
187232723
554992792
155795277
368257725
721599367
766862419
634783498
804483488
655286590
158052474
103427158
58396868
923895471
516989121
78925043
441008346
29984812
899872906
742897311
444099785
14031629
874416858
641572014
950458287
676681396
479529174
360270901
652542546
428688879
535546519
140484625
336926608
204387619
363789125
394170088
74244219
909844669
414842035
960285534
995028561
460716338
117744766
282359877
445835742
937193552
784340467
884484924
866674287
904782256
210030238
11083121
757993582
802102856
325440368
953484422
274150303
939434781
646103691
857634705
330987766
821511445
960599470
473288766
377515538
531387882
974506808
141211664
285122650
798980155
410694106
636637124
609707709
973492446
632532694
797816974
608099598
139524893
837366117
425618090
895924290
224786577
818792273
460617334
187492234
374299437
761350215
398446580
314130159
954079344
242354220
677035002
333136893
826388210
178058215
212591499
19315426
203990534
955133435
929445044
429597941
407021751
321508830
507762411
884038362
970839096
994774143
362834680
519452450
398785250
648890555
360276353
969103118
627909834
392449257
832818736
75937137
433767420
218939280
379750274
819481523
714726998
512875832
576192753
627143938
680876381
688420146
47056194
441945489
883197568
497953557
529613489
173111129
223037465
696043190
606639755
186593063
939220582
271867887
557179579
36888359
185737292
809503179
263737325
726349603
659212438
365637750
517313808
952091937
411445056
946821178
663160380
407234306
93012672
73308817
390582048
236601621
492880656
486189136
614423630
139180104
229838069
140024306
339495387
378586317
985953382
270729
227159050
303803432
64413892
165094707
396145306
237577133
400084429
70149105
292399456
583917018
932783603
349273316
95931313
457802558
518446885
759121165
22517768
204984773
729688639
979203223
252581750
406183090
237323480
867605613
955585958
424335748
751793758
851055786
521356954
183703154
234006049
620176477
31652247
486251392
891142398
228113747
817210027
6589897
207242655
286125126
213416527
957692480
89404238
51797884
917438117
452013375
238020003
798800035
878240826
654363612
183846519
358793134
44418447
800687854
44437822
807280903
662154638
157687497
51517807
36542642
656448312
566932362
102193262
592143384
559042983
871550034
362669426
540610009
491486312
996261968
376219784
803050408
486209351
511520048
964366768
492967875
892185411
554565665
100191781
590822925
370503328
855396224
191258043
429379785
98845724
621201702
911744096
89207029
230750009
518847307
395558340
596816449
531550649
246944789
453277461
689083432
197588929
121996003
606691768
685131155
420590956
857800995
896090960
602296447
881663823
944881207
461252627
191785141
22935588
812591807
6952139
443744418
777203072
375412438
338592195
645549902
106918588
756524719
975829204
295013398
663400271
899249386
95052273
513755249
334966859
327555589
987998452
974912201
459015835
863565070
277165927
363766491
877554035
592741615
932876284
217092308
279124469
587762774
627895830
411121339
755681104
487207204
519264899
808480824
733906539
131596019
18821656
971676423
5106096
259129357
396242707
257132390
120410125
445048001
505945375
457881160
645185750
729970845
429578421
733453046
425821149
218980000
481346613
388272987
548218990
252109612
404133878
975406668
359407981
799579929
63164171
77777382
794138619
262216219
534446117
310242570
946244044
659853117
492115561
55818606
281072343
341428997
789734882
603863927
675007166
290078725
911004617
330505462
576345578
489347554
220487171
155626256
410458074
812689404
55419018
340133169
796015304
753478237
771649583
429333649
446486153
835478979
899531459
612837102
555140088
153274018
195543898
376248253
751534911
640143096
413038504
835282154
76701486
975654562
804712614
210017545
377310999
998427359
525798037
198394173
744221199
583106751
979285484
635744518
192312488
523106998
645766410
213700906
600875884
661075167
483041077
953718983
22768609
25971392
536059728
513741316
980430609
724642773
89061283
653236414
904786663
684857694
652895610
670161348
871320802
158360429
99176213
2761588
652734132
943609356
919418892
732886390
926627193
579272797
128667798
718705996
395226022
729571348
893540510
677947799
415142396
355452821
699284368
571897960
937875081
159969757
992715527
780807022
961484131
676081405
451813369
774791362
304700302
770387215
315643335
925583605
9421877
134257150
309309977
605430348
220849582
555245723
697508174
678268589
275568004
97148127
27818654
46350003
622011167
693607499
110545359
337531873
666290450
630498928
778313873
539053042
972521867
720353102
205164077
111417160
203742864
523596446
620872615
992844201
232752486
289359596
118571516
113789465
784811529
253516457
447097872
412478024
244968074
40991598
118159205
314591425
284648630
724718231
925170926
905511759
394548512
750172894
611362678
57721196
778937264
597463600
852517562
344535029
646841476
977350594
514247273
325116894
297554608
434228442
907555459
452797869
178387827
914496776
131636207
42647218
912406543
246176055
262897493
717680400
773837839
510253511
140992562
670635117
282052519
687144520
204004108
790549048
808100564
473837759
537946751
590530802
701984009
116513525
717907631
762299284
554446497
118675892
859404111
781485489
821581549
404113352
265936507
800403970
940736379
607020605
874124015
59738449
333587294
161431743
630587333
73832877
914021654
539665309
321700656
766560219
328841405
110104289
423685641
42470636
41359348
357206997
826671939
460081742
433266524
813568067
601118207
892848063
620159142
24678015
190853074
351307552
978322015
118425604
751322298
518094917
860903619
864940876
204657497
331635918
798007209
661462195
727699102
500923130
43528832
669422900
55260990
246259019
774303047
342916457
915172697
319360105
280825576
386830534
203619522
609428410
516195533
350317256
416739290
27783578
886977420
438507705
949899931
362728247
650640574
283318818
274499505
642305548
280773613
879898573
724131266
634938104
524262773
497854159
373348287
768159244
87537074
710430092
437284731
568285353
506737607
920114841
287736105
637160615
96181275
640252324
946256592
595400021
682309378
750655021
277602784
603135914
397555567
343197248
853080857
874553301
128359390
158615126
992966455
132117905
370989138
449225350
843613277
437976761
832076962
397292182
276576170
829614432
71145953
39896631
327567689
161232405
401411058
830826618
437989894
876378381
621970949
331864979
462930672
218535516
509526589
377597837
780764735
282139774
900199002
453736336
287788795
824238545
890668860
898143052
907500783
507781917
448658033
487781628
398797527
264258114
927626827
10377498
829214348
315451603
499863940
550629355
1397112
822884531
444736525
397273085
122969652
160366197
781118744
643457181
535699339
947818072
631749437
229873746
143126637
177917006
730135228
81047293
51534076
332700328
18785762
536953227
671526596
592269153
39176068
988854612
818327560
80756228
536244648
847246099
850477623
248793146
219216964
205515138
862072702
533035764
215206430
731841938
246831479
647458865
378815954
958028868
521242878
880110444
627280114
984144423
73172260
446872230
695505735
148628078
234229565
528841227
344744502
99052461
207372308
162010692
787671614
399367216
851412543
940612440
524068510
297062392
22581645
101328959
699901716
664479315
833393563
749455621
555676095
648724759
472163718
627482520
577410854
151828347
782128314
209957678
47985233
437372561
84151529
562511957
425999125
119164772
396782360
59518360
756457070
993959082
359679179
431802628
993787942
295100545
685953780
94292944
99291549
48415958
631658200
349620082
610976596
745780251
689109014
485106400
551853341
158143607
811740116
384411331
224742225
341982463
796433509
71155712
565892688
135231497
783183857
603963267
155097260
89323477
215637701
351759930
995295176
810037202
763838859
679797218
177520597
102956106
397627378
724054003
108019246
131330409
489876549
707746114
91030809
609707317
130235690
862940957
210675081
45323382
32758955
265491339
216427016
267616298
980863915
237955585
919150870
601955970
692950956
189980312
253210691
956641707
580864821
111545297
242237816
160952436
763159098
474872527
854939369
548933546
196358178
589085042
810934416
979978789
501918291
88337058
221299775
275729867
425384330
546472148
661250456
198620464
437628153
297124387
980407660
233521476
419707342
944182278
904605006
797644485
877750147
177887843
950286768
558636666
290415926
162435406
864289509
816934796
178316489
503029098
560440655
263734141
107875008
960646431
315431694
975357677
512032324
401653625
358795475
534219528
649296544
276792207
249514165
76378096
811103446
829950338
623070133
892842606
541479015
339766879
889450628
920669765
49747002
364308928
329221176
738236815
151123953
909651592
53344416
23660203
42107218
458633538
633588596
145918835
258069030
495475255
109177271
870159761
624095841
287313622
727160385
784099115
816695717
47532141
769348334
483761853
169112289
471600592
253001458
195849019
564540409
614341062
385860538
880454406
943945085
305740972
317021998
782868312
249249056
842437345
625358669
450633604
507801695
436841876
187201498
16409084
116706124
284459360
62600112
679505534
211502594
953389116
473568597
192829623
163248572
674389561
498991577
288087674
819480913
777456080
304675792
770402248
802292619
519184882
695402417
103903586
718477551
875635796
86644564
207902613
167425689
756701728
756734474
127726121
641348645
942969210
982282326
308894048
281622800
93796807
566271948
243648278
959501367
321568800
670646423
779394310
410330220
47959186
140052097
80475941
87253709
913123086
257349774
209627035
971499058
325037811
162080454
115162207
980720064
568856374
420746256
122996890
831668524
567516218
294009511
71764664
260502516
5106197
340031558
9042639
981681284
230662077
862552315
329208688
387462222
211167991
296005798
304931629
518626446
896465843
168814769
330836469
330340915
91465392
5695243
288108135
287206463
64151271
238967741
964581663
961250858
554245964
918352375
929145735
474550503
315215799
842396272
711440963
841471285
241452544
615132972
146130934
514648855
547981031
524450426
394849918
137356052
43993409
661846340
930652788
947491467
157142092
10158579
596042450
830614958
74543908
240437761
840379568
268321565
90074959
766861340
825068839
549860639
758467186
433478388
507281238
641578623
45417255
365355682
227402371
942063846
300015796
549482585
281078143
605432607
287129305
210380623
409011109
49733482
677051942
553233194
818289477
217779926
337892098
834074009
307809624
545721780
807745278
991385234
226102906
223198599
895213900
438058913
108047825
618216088
514029323
567872257
71750923
307768380
996976760
162420862
504291781
624434890
429949000
501921438
724026270
664256400
833714604
922621550
899560104
715942454
380639093
478816919
398761895
841936862
216329843
544130421
976174604
506108978
914134835
68237490
261177346
745422123
366627158
295785481
164800003
286926185
574069491
933726152
897234050
316931297
425383987
769278766
867092356
999712742
74095869
772665188
375545982
100339985
195053120
46896127
970889133
957650578
112140705
9676051
95724712
460203320
413856447
310037264
229237035
166674514
869238909
930674329
621958214
413260195
116744628
532614423
296825980
787282966
614348415
315479058
623610217
457052028
80268586
709242607
303600494
282450453
904783968
355814119
828381826
508075283
442976811
649502412
627826239
466226416
131735546
223172159
773060026
447819802
387479504
536969143
544454374
50790899
326921586
911838162
429889674
176056070
716782952
897683682
740253857
420654942
386586024
329925717
276154832
39802432
733272914
731876488
504052041
463578727
980265962
839287516
552866943
794964114
607413922
132814037
505142044
844424638
219791313
629763506
533182669
501776569
135906980
756967880
150425470
339400401
622471740
802861555
673456718
890509011
131051250
917214114
418388158
116260794
369516629
677690889
562367909
852710995
935422477
368875150
446136704
393017112
661555881
712906770
604995994
739768292
551202518
402005617
714604963
244559582
482509249
345619563
361067696
973852301
227671015
38374149
401909596
138131540
422503325
932225544
740764300
229998393
543658126
85743426
963347516
992259353
715787387
829436483
603475575
153673499
371796028
976607122
720171859
580599811
722742627
594815431
642241665
921415018
899749994
306665358
428029317
106867066
44064506
459257269
22263004
41461466
606428169
981348190
228855634
198369266
846905988
734318391
975146287
814815227
530678033
189541614
857673550
571968326
904740241
883293576
356999033
88520229
729492677
319323489
297398223
4024954
469105677
11039168
764225378
107248602
923129162
601527318
378860509
926716133
509137620
176182370
503552516
514963433
588222950
466825074
391529160
656901708
157570255
303313414
581600059
281618763
388509794
866937274
684369373
97044467
286229018
319359529
339819262
940036539
929361175
705383754
152519502
717548725
394392891
764050166
554845032
7452363
788836494
724152710
57762262
349226877
26516093
158421560
358186143
934927039
697837996
210723088
331314497
989751142
897493570
374756993
569133588
359215596
771093281
476197813
760869324
738686656
117407792
339310970
156207386
724998728
922681811
442547145
328723057
53026420
603015036
639218163
202200550
589624320
560473435
854137194
553940272
451621190
525806897
426119977
389832143
529968829
542761538
316390337
762401610
920079634
222034537
560394241
82796944
382972129
433989701
306984002
504991104
99938832
365214353
774236036
202297544
503747730
205456360
670473233
119455145
18741764
18537449
366575113
989066364
786928216
793811905
419328129
140539531
910240541
765866677
1917818
380826061
310838345
324265445
624367357
776822256
38570979
307020948
565959148
384621815
511164276
716808348
12592722
134110250
606335903
960986732
26827476
830928798
285826024
168139424
993900870
149508188
935014037
85434171
529336922
234700081
692215985
903712388
195476595
150756882
186299437
801646458
480267159
783142441
626246178
894348276
445903491
918251826
353629274
379657945
384587081
249060876
563798266
863478901
944167879
406995208
542010333
492290781
472729092
402842421
83112918
54701105
374665194
260885501
978679200
142100769
408188681
574933874
438697635
870036448
245090526
448005065
751957178
143097172
543194495
502000615
627369887
401094534
716643793
767363243
711496107
894926780
560754175
644477912
251259252
153970286
87568114
556747674
707494115
843045599
240541367
261578872
642999400
641502970
432773971
132728457
918540589
804859976
485548127
905453092
640650428
897134994
966657440
472658420
479032343
523292277
387595863
957881708
275982742
475692179
488322230
186041719
240795124
553720591
811219575
280237173
406808918
132370888
563304306
658572480
897702371
58700576
274431480
913405196
191828176
186086824
355546830
407299132
973771827
87845458
597802722
126774775
861720738
681171026
241888233
631898118
755669094
346086241
543790830
509901426
360608656
736323775
179630423
195937826
249890745
874679534
44366413
130305885
479565451
665090014
997575783
960056993
63259312
108287015
995644250
999935446
229129186
764635856
548208049
220109010
506696996
188667985
839314373
796912152
637973086
253670183
560412937
20480696
735572927
733490333
961341230
814773699
308261344
733028271
582757659
311564362
286779329
927637331
966577134
256640623
185425349
7138831
371200093
28768030
465410819
338081203
408514593
739774846
419410521
956396261
627402747
100197979
504416127
766504537
856490991
930174810
327083206
464169317
94451692
146851395
169058374
80519291
602305192
244334991
195587723
373474565
406586502
924655096
366407217
416230398
9349724
918008599
595900829
834543399
542583225
694309699
378474539
34078120
957204312
916735826
663214582
359011897
312361223
685868698
610046558
143823504
353451390
19629790
95532556
702401646
67128036
131682221
509419587
370910596
845841257
692919127
850794830
104289283
234269715
361744781
923192345
934569407
153038743
316384660
743088860
160260607
3532125
59197478
392066290
74703331
116433063
582522312
689155954
609001418
612723580
563252976
608684864
783323546
215568469
745013589
285830328
494364900
266372336
814268809
382179084
392417812
875412454
372512058
491564726
311272695
578776187
56749508
851608489
467873435
345376729
609146848
346495315
101637615
302020729
693642724
412028631
604477926
887222431
604117147
872659080
964149307
368969877
79536689
526724048
782604413
929092613
800128063
343168680
234109093
144021490
263325747
745782797
283646990
427035282
901423496
194498063
786928771
609013901
430802491
459370092
905744362
216567860
128772294
500739933
954807693
229615911
481187520
15205156
425069289
137247695
30712217
91766854
492119725
975103198
976510583
883555475
399195486
59171491
821988970
195585951
14299917
890422668
469752489
241331037
562715609
449053190
920866959
872666893
307359206
756879299
802146439
833714651
494399492
936744558
724016511
452064878
887736461
466336130
379987868
733259555
44030891
757468446
853819046
755908820
595957002
570245041
531489406
167262380
61164893
461945969
778164091
491923774
770885964
779015392
581816775
583932579
911541037
960118400
536909061
954212990
939316157
386463516
187233727
758770157
537913661
798821768
513762406
478325524
297531547
36759678
673593454
302909984
946229449
400358448
715533288
714316264
852292016
71014485
452663964
45151401
156639788
239055734
192298590
157771891
358986071
363232082
215019754
747945517
427439145
324423595
332418671
351986088
1007932
230580413
982771074
966406060
744116503
252228648
237778590
664078984
651076265
609976337
734277067
313513770
930296176
923470820
987270483
480632327
144092962
682074549
935417524
372960342
153734250
921513620
243213810
359678565
314871149
330164543
308357472
987873938
280572835
938674190
708044109
724125040
179961040
377109014
400728210
951933926
411485026
604532794
423870780
43367245
278741916
233290757
439956856
680949153
522008838
812806825
507559945
293925805
810983585
58995559
463740785
988774033
212982804
655290185
376592880
613934223
996293029
640655354
287012951
365792370
444164707
125511234
241176059
228104603
511366246
266129948
911947716
460820137
871801647
915311221
668049509
418248388
362769449
587138470
538479494
152821585
637204160
294659463
362539505
929383810
147630203
762768260
132959111
961784121
626216642
125190188
360546501
414147140
990174612
47505030
379388594
179721328
260169063
24321281
558482926
480596494
762074965
301683994
807700498
368158895
744792656
50681764
355350325
377459070
108619635
663229367
769273228
460259131
187481143
372663593
48110544
862876468
736758272
674569700
660196753
624259448
703687339
266376535
217829298
591443456
757096706
943144107
355876345
974685688
450441872
751295611
755756568
852082029
988937666
922264928
894119718
185228682
485734882
209011431
957160539
560267245
486386961
491239857
553664814
590366563
81279777
224555319
551061070
102357158
506723286
211648129
76072193
380729013
576211090
180164345
178586568
322272244
635171186
616014384
480660857
125739152
385917398
929190319
799004270
707449214
55527789
129004637
833388859
867749881
29517769
706104418
764808874
944078074
489844200
817457379
175614288
824940486
111704040
735006923
177980833
314261026
217684063
835564699
262439584
497637362
670742074
479592091
146605468
798730339
20171443
733727515
221516098
608017033
75900591
357108543
487884608
27794213
869599930
936217363
154214981
779892038
245488754
335239889
527905068
232406187
885525158
335744683
733502424
416018517
242366108
968485890
787169694
172084857
169694072
187718099
655667703
383585077
225149436
478007986
888474554
114735447
467645974
764145892
241849417
289891379
729328091
343293738
62967672
19646120
858343319
228907198
748320864
491560175
184700040
400731463
327603023
758161217
149457303
795890827
967068308
851348445
801650222
708380481
402304489
101617449
353368752
132964100
824623230
399428592
354907801
163214692
123017118
197605428
969312279
701488640
837638553
574404173
18958253
497814063
568279918
175375649
474228360
253316877
565798395
746595627
812980607
900572487
198130918
266926386
169053773
496172675
748775757
668971007
618896873
238939680
692015515
859687756
646459278
53398643
677017759
61293532
883072616
282856492
824629832
332607140
776592344
831926743
842461695
387453223
673532004
57760127
753346209
222577887
630550846
835491949
576104983
722227671
625199727
202560782
89818772
232109654
670412704
980656882
560736133
76662000
512947083
932537426
306630631
312871784
118708120
787125405
749409868
914241697
512868774
410928975
850762564
822927696
962042516
478573243
466756691
261726522
3096835
296675133
367460982
76787184
946185202
640323791
288303444
310662585
411054328
608567226
596394242
198889103
601811485
494176872
520934515
63729983
85858132
332692056
515425402
34380979
402402713
3921452
377930110
701396387
287734493
85503417
393909353
394415174
34742286
794325036
861556229
789980777
571061117
420753443
529777277
128545439
447524758
528708448
299165294
347103843
494010658
751278311
1388733
510915829
83179037
528002150
194952368
18607563
616365630
753292857
861687990
747154189
864129586
810289235
972330667
413825413
645715370
590852261
130560644
51700902
622934758
124303418
843181302
89683761
162007497
259631184
156981547
120568402
742372803
204912352
10962312
734513877
458896657
52095719
739208132
492083322
357834789
621189598
636699907
356561860
577131676
501389785
85496008
957850031
550702989
137543945
469750273
314855025
587309404
209978254
706726585
167942319
850143295
103506621
595160740
140713603
542144932
193906959
44121609
51540573
734127466
219642519
25853995
626288520
918706193
488457500
799509796
471032709
407747732
334608084
292390129
4246018
149498009
105592955
513000404
964875097
595858386
708558504
984644164
627535151
897273590
250506300
404688757
961427261
619853400
474733555
139853439
206974507
507775521
281317660
781098029
683565720
717033518
364542309
825840485
207731255
728824200
137596880
657535535
445949308
351510883
61780210
842740311
985163578
680357108
309819608
684800960
56939807
846095059
55182499
824946354
223527553
591974099
102001428
564131636
2641654
58985125
560438516
151197546
586128709
673851508
56715928
72878845
489536569
317201361
172448786
710679592
590984536
918652591
38188640
308485610
510913455
429256296
893521104
899251802
96789140
17686367
298896838
154954726
824180742
290268084
569733398
438868074
461612152
761369143
79212515
366352086
993216689
635275321
621151501
962082382
751350907
170887735
55679858
640579493
131305843
829834168
123708144
985692575
469926285
899807988
257190451
824603016
547588337
687336185
221548659
463272249
48134722
92826926
950148951
591256906
329068237
244031068
744786849
443660182
900697157
77491427
908336895
134436654
781163259
948240156
531579403
57622286
68737256
439142264
483804629
248084081
669932236
460511214
860034138
76901343
747256194
153947625
922240805
275854880
225891439
776590030
749004818
556816148
790043437
141526737
592143811
243054723
458921658
285697455
707177327
323300265
335240271
376453523
16915612
456953310
483926555
256045086
398988149
893234796
832533833
749573426
598569212
793063161
422267007
990450504
683499356
556195436
98007937
356071281
341087353
327517426
299473127
454746346
377225163
846305851
139568207
479278814
522364109
263907716
387400334
976846265
748174101
358574560
562410309
904324002
495651694
720511365
236723434
932112756
918315137
836088376
68363396
24173810
215308831
785003463
220200707
151020056
899617582
246377136
475520569
372540300
460465197
642294496
474315316
97639525
443397269
973282251
249180641
817789870
237394276
63781321
672549672
709535451
993444695
659013401
170220625
912171203
865302406
99136361
389475309
407092934
954934717
662153074
951701207
943148183
331968930
279520955
476876003
842782040
275795021
459566666
332213727
774572221
524481957
952111221
9450543
611973216
116886934
433682064
923274137
347080638
897473266
899236288
928693336
677687266
742003950
476826319
648325625
699461127
519110104
132800738
66680088
196441649
302891329
595363987
997957459
929583546
258868809
279315007
832716827
658278784
388421847
149031298
78133615
206023806
595805490
22468189
488059585
662690311
714709679
555797251
918970869
239275934
114787205
802382400
984501364
444882364
374289031
753349835
985705086
880783684
166377808
894629154
878112456
52040286
893532127
581039557
557825015
197508511
492336551
976912346
886636826
724277796
829888730
95950191
932589421
642180449
966479482
218520393
839386504
338732452
777351936
765501150
866229896
572075266
750733362
456712764
224512915
628253719
433404377
115266793
583289373
25186981
149601332
679260350
428204167
686165141
1868398
696388718
614543919
959198903
3054032
152253988
519546959
631993891
184513931
385326031
794440356
910561659
120478975
10829893
496853244
903376659
611883302
322346249
648683014
403951666
996378667
463770732
403869427
530088608
772928155
844930888
571249526
39344158
287133697
949660063
873903977
880504294
958677880
791364425
68473032
638757207
189307073
311254451
46532732
793121287
546265226
673038481
186565419
218891254
990920784
253065854
943580324
856123439
310162635
517282519
614611675
919873730
130520901
316872292
787533307
219745865
772217106
605533207
49865331
691461265
115357781
459802175
245540172
188243728
899417316
584442079
543512750
385482568
787086587
544795303
944196650
898280928
418200363
776007217
751222571
189065252
765261725
942127408
994659812
356894215
349703514
846769837
392700258
912568182
577703557
802551643
135686261
358940158
99449939
348898056
155884344
943396490
114758826
252500272
825704255
581220169
744869717
67386540
629058653
486705070
800198882
916106888
352794127
98021521
984157465
788024306
939113865
689514099
415876889
462739789
808250970
730929631
902564112
339766373
517382590
376275947
889389462
131890622
198707328
602565342
288831143
326031621
738870154
281919211
806211643
938929320
318549771
545083676
598296705
693735491
877673034
29266884
326645165
60052552
263324616
319498107
485210442
182039328
521290500
896927104
678640583
776972917
145219404
237819592
691564363
186648328
595998765
502355231
543174742
398289126
834900397
984721785
114469469
401874438
825239351
425113510
279530879
235170467
444945954
476324564
7751808
229677876
380569627
153910137
604699818
43408146
756828516
906378768
336196467
59043405
430165086
793694563
988507801
966565756
613321520
597059804
488106395
924683012
230744841
55700196
850373188
64424186
306615236
732143391
982732387
824811590
38539160
684591110
965639508
480810627
416993715
973061831
902644694
447920230
672706746
754636027
945500361
144036475
368001592
685827667
195893871
381387432
292209820
784239558
271448263
89914424
223217438
172142309
210544029
20292214
59577870
556930048
281821699
729981593
905811886
17234974
569769609
502615810
770419162
305803717
992335176
27472914
567523042
722958440
861017083
262421669
537168248
333140078
115866158
858286533
471716315
844326427
530125935
185960342
683586973
521381426
160100566
690956211
971545461
683460463
201070672
837350016
477074942
825780618
700036765
89168993
429412216
149175274
226200952
397879053
304365730
827503271
818339650
134214963
539259954
871020239
471788358
561240406
256036513
781099895
931253032
498904341
628361741
680756297
968162421
126062036
768341832
963812448
534166888
227163381
498766244
700728397
768109166
882194586
426300677
718249541
374203155
674554866
827740369
886156070
698005531
263456507
768889467
227275172
7111043
360499523
990939718
523057720
526373864
329770963
665466992
112208771
353408891
290598435
529596967
495267699
632643329
659500264
415523657
881909693
833733819
238522397
362916726
192030462
213353436
218598608
666064653
785268611
412788791
790067714
592714258
92052981
258373619
323742750
139608345
203350626
3875536
909691415
70397277
362968038
651137928
378939420
704101360
144361296
749692411
238809101
388341320
681268093
525559567
199186569
425208930
155150148
940158951
522587240
696073150
529720218
382166156
392361367
970431802
623113200
151703688
151192915
922881733
781582663
636203667
518299277
690802435
979152193
234169496
55944126
944039239
197270326
993655914
345934727
222038513
567608675
151927573
857364125
217086733
855438318
280782160
188470865
846530841
695079799
20904718
732545467
626367973
395339095
368533043
382141314
816049042
896802168
35544164
810993739
235726268
45188049
358590967
851136956
646538420
47225212
862409738
780957228
683713766
676291957
141473711
146711273
590568026
41755889
738046533
26087205
600097878
967401305
55108834
825621792
752813025
552254188
365391911
194888672
183613642
948719047
211053496
171639856
103263656
41768080
729968766
660136080
285515656
610094819
944574408
475198682
223359541
308214116
480165512
26155055
840602243
569493647
859932398
784354104
973435039
720431251
539481082
275947139
141317083
70927418
155541049
46202757
365816888
328535217
377647648
604053259
479782573
441706411
828058070
220489389
600559193
656268171
269316853
350031729
81681310
160537498
544059473
541149367
258639272
975593967
309116434
115978443
906539816
552955294
944275231
186293112
995983181
119109523
692269151
267051809
842723195
490906543
1406403
82026196
838675324
562041979
508566993
971300335
707243519
184317507
44311783
563358631
501632339
124611273
225975555
387539044
825888866
135633380
316438139
279157801
897066048
7813348
302879479
547845350
231311108
955976188
308411709
341660419
330862844
614402582
951952226
278772683
692242867
957055650
437155355
343051577
249458194
211097653
602812391
748235351
915698676
891049389
176768059
182441110
355924025
692497362
450719463
320337402
528934808
723644457
691017942
600632659
792473462
413303915
412806567
312406253
608598429
528774881
894384716
81921418
54566599
196961952
95296138
396502132
499348258
13788343
255247417
632592436
118804706
312508474
968882113
612604748
646548596
133875771
335475197
815452783
966040238
134655170
298441499
734453252
433117543
212675315
639467762
538321492
483743042
735246964
758256530
299400437
562924791
728139341
917498113
254165422
284068105
459618440
984061547
736219986
226287491
764634142
809775498
695447036
917656178
80001482
344620741
95380915
352081932
838863787
938430832
723304421
111026687
999333798
914305014
963057440
920935582
670715026
646339911
920652076
419504815
331443326
727059067
31101992
287445943
167846331
513713377
264855674
277966287
867958151
607281275
710544181
252114788
999660886
59280043
188153458
351428853
730245378
769547641
842591193
545258603
617901087
698156931
975392575
740815888
650776173
143125634
325678893
768964454
835757172
335495407
780694085
370483960
830903660
174104892
818030311
787376461
741689330
694820274
341904837
928838680
185569002
268373742
382103813
955843354
289494041
112718904
868902441
931904945
631770766
548495344
216229141
478370036
913603415
916917669
407488489
62887403
885811972
353254199
879126418
22519218
149453699
281853309
323448903
126800426
539859047
30641648
134111188
493512559
675403345
936535372
987217698
408661563
381038479
303428084
259152099
455457941
287383806
190138829
694432398
295510222
901606741
308956397
13591610
753179541
601870887
938073299
271968718
168569498
916964405
394059276
251403860
84164052
211774849
851190358
310106696
534058255
153493136
896276100
984805203
616823149
662878475
917001665
657388897
312397686
861683051
378454772
536953185
66828097
534746686
626425240
989645797
601579552
761181856
143045539
852204723
378391336
135159226
689309191
700916738
207599407
473258926
671609206
337148350
268651405
570788131
648696225
987576647
531501444
163266406
698365364
553107807
479659082
231084714
806768243
258560831
468503023
938721988
409534338
572660738
224859364
496091591
175284546
708889369
404487090
988894858
465110242
425189534
396666614
62255437
612476813
52138949
707271425
424581344
356703734
486243205
615990548
889643650
254779934
919913319
792273003
47816642
935071108
812687214
779831557
590102395
655708563
162054972
844393476
788020285
792199493
368233983
14008072
876824313
386305597
443793499
341215050
163658851
740590511
409316864
340109148
295387854
525163412
361085280
689888750
393205810
308559751
90070650
573527356
563814992
93237055
89563859
333085464
735565036
192925866
486922886
162027407
4649529
209597858
471111283
149140027
876007251
184998222
846438291
254871589
552087782
523694872
118038892
156535892
156652524
806569286
736341919
207286518
729757843
36422968
29868191
846019882
881404732
818812221
897411452
256275816
199792032
36088849
260817117
545848462
437299725
989339639
171131661
669471112
150779598
746944879
34611500
702018458
282601897
359043989
504374150
70933837
588272514
745197078
601952512
593595892
820136989
719274703
268949422
23109593
448477697
459553410
256824073
705125495
634517049
92276768
666677945
510141362
179684528
974711500
382659412
722959112
748342656
518081413
207120674
144551263
556368463
507116075
900454294
834072995
488812716
304265947
849497396
893005683
712105739
926500381
676550107
165397854
224174001
892507960
792180796
896988492
909623502
596530687
62254408
434207248
187272296
52606691
687138346
707736561
222157541
339456093
641150914
950258521
411540083
238321811
435921422
596076949
102539316
162834339
983910820
123788072
413553815
495070862
634766683
576986060
621931202
645374148
999851530
737981958
107572011
519229512
789636200
303239781
807097670
107771519
858275603
235387478
933234264
877957019
843139244
603991719
586895723
680490142
603667487
6178710
885990490
480134669
880614144
972490901
64659980
47530292
96239121
847516061
511412669
322852368
537689056
752474076
470520205
240764893
556366241
874928699
837012394
110712482
302001070
513717502
510267
974676128
503526902
222466707
318548188
714400678
833495714
239997707
596932171
456607680
150942662
935476313
103027876
870952054
890260414
904218957
88626335
4165459
404221548
830866341
576079360
1529690
716430153
519051253
392305815
777538630
857629476
555578455
240508875
722842608
846669604
251621504
41392453
825122177
163217502
12759491
181465806
801125528
444928335
927971724
753371431
401634289
263316542
424536341
95993910
886047412
562480573
582071490
698168923
27916376
580609357
199373083
355447009
546177330
716189729
103110499
252950417
254858142
850516475
370095577
874291784
895218200
293030102
733499345
781665332
586246712
654988779
481141101
828023060
773903555
313747153
836218685
8197649
279448971
906932676
572267674
119011802
55669383
152043902
864105809
507336733
531622231
383326458
820555580
990218770
112390006
804358996
170812284
421670449
333963515
687556556
916312916
321493764
912296972
345078761
855431845
403990807
472015584
533974970
60124683
104705134
281123895
15556207
711018698
966998967
866148807
781551291
845734612
246045101
431339739
845161591
64736440
390361535
570484407
893894802
499877791
843943170
525415505
601939346
788462083
433295357
745917266
731822449
560779133
405995793
895093522
507234235
938132355
117512863
670561118
30930063
162860840
923390613
943559680
542649125
912954028
490196521
710471609
786329165
210155134
914698248
994548320
2114550
933651547
959499837
219318906
760746940
451518838
519885425
537276056
756665153
44275241
358114677
728654774
544904923
114532459
871176684
225247844
657933438
579491735
996357926
764206371
168087053
347544038
9636317
15945551
850883111
910710600
745639854
557971368
590634209
672199458
846325871
803308552
862392301
755444230
997673931
145214573
171495228
727226294
991299827
557850399
947999012
758428680
997862743
438767757
79405884
798657215
439020181
906614469
960051084
46048958
959884188
788422811
892583627
655044082
345555553
674116045
198276973
747064370
53124176
242535862
793659367
501751439
633447385
355548961
841456738
796044637
415862145
1638268
439023503
194564358
817670201
125696219
888205501
862227179
487121560
462894513
953344223
354943535
68352940
498767557
99930997
627852711
356264920
942459389
619917014
746650360
194426413
836259068
373683306
617240165
797856410
498996811
530217865
465800457
890376859
515506982
986223745
825926321
467465999
273280481
77030838
530380116
938663720
533479669
39865060
471579184
426715772
997437611
487951489
792516226
295889976
873555300
959591230
372558304
359752563
231978626
130391979
136085559
845161632
893748727
578324986
982504797
877152798
530385512
488994267
737119722
526841341
177010823
777812504
80479860
910059976
135760601
753387663
489373647
491657110
876211360
624080513
594418104
137428429
379196886
100169786
491574288
968853850
562141147
302882466
826998839
249520477
50428939
559250156
44979654
506146378
54694769
765911211
670676487
583601873
708541275
406676690
182196554
261393838
782634232
927203345
378318229
136851791
373192796
776730806
573834540
104707850
476551401
568558465
626475127
646451260
307302445
306618410
481797223
991336400
57176325
82898495
778107855
572070067
826825282
212120854
419920538
154216219
175552789
419779271
132591579
176083648
960879909
356249860
936821348
414299025
936226857
161510740
486573314
655699671
200413175
54692054
467048370
26070365
456352284
316134754
543338440
461125119
666541778
60879024
215250646
609125523
659950501
908342871
2007953
336560919
706468871
294238840
203461498
262613449
625951071
100143023
349382659
780924244
574812012
630747114
492103266
473046994
626485183
545494148
33523538
10376477
579938090
992117424
569991399
484028299
179797527
438267846
293624697
48599951
690793604
849285311
167770413
951898495
674651039
903405756
97817629
822926704
435960569
676933312
5443875
820719933
709527914
229205119
791708487
45869223
972494210
960678990
449051586
138438038
897746855
499542073
281221295
877125246
435750352
750565427
854176845
136025821
755122397
652091752
274164979
278341088
251912080
15406255
798602129
454857509
392616748
299304475
389835176
756155825
99332899
404580486
487469456
778574643
532263588
845719199
326687097
713329947
284804774
675459417
749530787
144170786
427202621
320369181
488822529
26442500
626926710
249053255
557034417
878961257
183695271
816379370
928347570
286319484
498603539
549740850
714445968
674601464
964380264
79168269
47696366
309757705
175988581
233657809
814517198
164750050
28095014
926050965
190255106
427650813
263781946
404115679
886515840
152209252
91917789
910345404
736945387
894131108
485798580
955914702
476972190
871724980
885618565
348441960
762742632
452967813
763584614
502323114
827236235
481469082
524908024
543434364
217055835
279263865
636351251
140954715
999888128
20285641
642001513
208857358
241008554
535281178
819975018
240056569
290236812
367075892
124066832
639051846
245871715
870372020
649005640
928641362
548759294
265723340
307086399
653757591
929478548
432255957
336812903
710347803
840483764
294452044
841389675
474070742
941699673
241356501
150925551
361520801
753850352
719832447
481759149
965075789
364193544
165517087
883816497
583406801
646653333
956565208
913354797
145528475
770856673
263244221
926105607
632983568
807461773
551386028
892710893
913991502
3712413
634160720
359987029
692575699
268152004
442489157
526086946
73680334
695226035
672797115
392796779
79267363
72313900
717294007
199069148
949165507
414783583
897501808
503612439
976259960
440078835
262447014
945965454
95300358
93115671
690543792
426288526
422816962
350183179
623120072
703987749
596136601
666690058
797439508
745980196
775757597
890451374
674200201
739780513
348758653
906248851
405558573
228198458
398013600
207941994
552841930
934736762
698847959
491760941
269607725
241890899
150952259
728543341
723570459
109456075
309685187
679978951
340124369
428968628
493328535
93798773
896168247
455657619
313540758
500557824
637298080
999323400
336409107
363876928
235491826
867317537
443040107
199525163
6390184
328508699
17616107
303374854
19353703
931739886
598626765
921440332
138212302
175082559
694811672
784313474
248905561
471848553
558243298
413326909
30647470
554271181
598808074
872999067
80841903
821991347
202579482
569554041
906382333
931522148
486784370
4509833
695830361
185561168
895821746
540744894
332211652
563605680
602243576
575878418
870486093
111321804
668499770
481012482
787205146
957386516
534026090
617005053
585389116
971552192
395110318
958783742
494189757
269609397
761159096
820555751
394786020
448846195
529097885
531923524
901115441
227785386
123506199
879121529
781817191
863094328
550228088
927318344
939568579
49834612
838999602
520518190
946742089
222906904
203900275
624956764
90481608
93449193
885686608
113112643
436893347
20961296
155813644
85373221
731364376
133557251
740733784
497964630
189042752
48779884
967486629
984181779
38778080
517668739
455745385
16439191
447232483
941440673
301530213
197545956
893196137
340050722
113604661
220576457
129915678
27250190
312140152
238623369
287108836
53292641
210753162
52897805
410962471
585102708
538293762
139799000
211355738
925973233
368996029
109847595
301402247
749474959
508387558
23654729
63578643
752072469
46684682
552313458
53949487
996961733
211455249
939296269
49313982
431562803
621735381
476611694
439920833
753329307
870585346
642945993
996707600
525930390
48778846
578287474
835199864
456154729
521221716
960313867
392065798
680270588
359940362
541674165
655127947
864575970
355358258
208367141
874847737
446764357
250045497
538846649
355345989
289915477
929726967
812581488
820061909
222163614
784390006
264767879
979604486
715120437
164248272
478039730
368041706
598043773
223665974
343105528
510930703
634251926
503065613
324093739
586585466
946676836
821634098
154216707
978392243
890707767
617992543
702799831
962280442
16197916
729017253
209468407
124163479
953793983
644403993
276548008
399626747
700299
104517309
456536563
971552256
446479473
362528718
891195154
576509984
5790435
94868248
545287630
326290486
760782272
391272689
706438604
252039603
146948590
825084902
724576069
578003014
87985854
427893875
624089914
705193255
799456877
44958813
284038340
920779009
952764336
796542345
973656698
950662630
467013457
81788235
932729696
870832959
171303578
729776753
430264286
122937450
388204999
46140689
458118191
412206143
365027294
497196063
93863792
487261124
380547908
258046068
872313165
80079483
769600220
429234420
493260161
79327951
376966862
419803556
392009670
784510478
729602408
280326230
937518994
659290760
370099175
829784920
543692102
916910053
703500683
351043972
368860070
949232381
173490084
390224828
400056599
245567449
365992108
217024438
343718581
482200163
930461861
951103417
158941316
276442029
823853983
352829429
467709630
12932058
390176341
875550589
975490634
244080301
611254519
891303650
58434638
216273580
177097219
348497005
483210971
917920496
157668172
640592888
541056199
831271308
632448797
923855465
844604056
762631320
931777399
698855116
476342428
585748953
622760309
575810316
935173142
300389134
351887569
303521358
795211667
586154201
835279743
618527979
912434266
7540808
928863607
636983816
112426753
899166976
919820944
186277587
526658332
92531848
148214107
814710289
80775464
751706400
200523527
104371982
178382948
623381501
687837144
908011272
950115994
878089719
352574580
244306158
580467489
371167826
681842304
50706373
278111864
433733945
464155350
736035275
753696475
807120176
47401138
728230621
211783118
474690457
190644385
215696193
514487688
70489990
897746257
594486905
648920231
364423216
512086360
399433144
414770523
341394582
173585795
42415542
208990954
245034835
26351707
864692992
804582401
695571329
486005194
28680184
242355755
23826505
26112728
63684703
953771273
768418190
2019039
351250099
171501088
201948923
488365374
567930159
820263513
159910228
916723586
934841789
83133681
409293366
672318902
242292540
51317318
904495880
488944564
620979
514844959
791565952
355516834
636636306
460472372
125092672
260235380
697642134
288853377
15138780
64038418
182388006
950607430
957017390
585766801
859771405
529084667
238494950
545781003
740219732
545220302
703807229
932256907
112445510
3161315
955675860
867356706
157657885
975122876
821330409
74718486
924140875
651318964
201147956
702592570
973349478
893184422
177014308
902094169
294296496
740729003
52998705
917831628
866506818
188144127
129922590
682237995
619368405
164816901
949545421
770395424
510292013
512058721
63133630
75013463
730675491
848331587
757280038
858074770
262126925
285658052
124694440
231792600
699705164
507292264
596311730
513260749
561636785
88629956
16097911
867203613
57990540
367362361
674822276
317920530
792564115
897995230
47590401
290951238
579995628
447457148
73049479
271010674
432444568
833735858
663575192
515263076
343522427
854800185
790650559
879051023
911909644
586800962
20177989
951637180
28309141
846016764
932694669
430188127
680348455
241616433
967185933
397043742
49652752
47618025
142974312
824786508
224112389
426395438
857855397
599035589
841054916
332264965
836544071
128269413
894605407
967995895
24911683
497053866
875242014
24604300
206719068
783052053
343358087
226847387
823979730
141582936
777697267
822516093
965389971
7338682
690589779
251795802
469652499
780279668
48571986
640214434
35462810
813849590
478408405
533579586
792260547
594608860
811434223
570567711
924957160
20460114
381484143
7922202
453824068
520148483
376330548
785250667
943818747
758163154
118166097
459467945
619551887
3389285
276448397
476365395
945129037
60441907
722452519
228900409
678079828
355068103
699515839
796547759
863805247
794188432
534710362
26493293
665252860
547209797
90955138
554687494
865109947
487118579
680700298
631969283
77417987
924063652
46782960
253357212
913082334
249019053
798625755
900598802
716665653
889189781
487469251
85247148
17389878
331772317
970400559
679384396
304469489
101753585
64665498
995666348
4309762
2655337
821812591
564866107
363720041
855209980
525905460
164586894
875118198
878516674
283060419
830834565
12870623
440269219
747706034
876177915
405625076
436471202
426359764
241239849
246221545
82906816
82094553
771029912
677815378
508361232
876718528
566753198
54760274
872814413
398592834
926850330
749037781
575456742
308734911
510320423
889145800
780280791
228798803
783286469
948174288
337063173
309359282
206491742
239855157
52758432
580284637
568742399
591225122
989874849
884342400
715681969
613786
530216051
587027691
349818086
313951224
461243310
514253995
997133088
873671678
920559044
264817482
125338696
905574690
906661774
201746745
601495901
89262096
629816362
145970926
481127955
510957623
398793119
94716930
532332940
380915932
219915924
896595397
837009572
394409638
203536044
490725775
19924183
200215349
964659322
430026805
989350352
450117868
429386527
602722456
8483214
959146703
942667143
677659991
868271413
372191368
630106428
744690084
696003695
209072772
799271141
640601908
326505853
496931898
12812384
770132446
994988172
222592631
684350362
813043336
218968875
654155459
190464536
421449091
299363337
694475314
757095116
610861009
179326182
292174046
507017476
996793723
288723037
698897004
167959218
610237141
693484635
533120988
655304962
413187317
542869768
149747916
488093534
713556691
591542744
83269775
460362105
832368613
385655763
284574880
124930891
629861825
107270041
593552917
144745433
299062518
479809072
856298267
303710566
199168542
555560469
363942223
625824096
719396485
398377365
516919465
447328093
158881064
615554456
941670473
932042669
517767930
128719936
43709963
301009180
773070772
332101608
73142262
399155931
20716009
816020179
145632978
635133230
870011249
535355217
22298752
615692872
282278050
559000946
778219417
504730702
669712794
429982024
877020963
14354332
391248803
977943233
246111070
257263645
540729442
51474525
354944184
631964597
767153252
767818099
494074304
729652403
683111741
130540605
576745629
759303574
391646738
983650809
896669156
36318360
431194008
797047344
256220070
602672499
739227332
899067790
964268089
977397529
684443563
641404262
561738587
