100
620667
468400
291679
31008
587063
338389
84056
822344
908501
196732
502632
36442
452116
819928
611988
978222
403141
208707
351861
822176
995680
68071
790692
373262
917169
635651
386864
180911
682799
160795
513228
248334
577901
43455
34310
577507
971562
679861
221682
872524
263683
848709
778981
811949
380808
839266
446813
987873
882347
65008
173950
993051
518868
557238
638967
641246
719890
923042
129731
192981
589293
907123
932364
796879
80727
433863
279402
64987
938177
649409
15112
702588
193737
465110
576807
791562
456400
327477
820028
455781
595178
994577
815797
927382
759855
193804
339226
275971
457518
601793
529038
195023
667969
902638
720564
395660
343804
26748
640494
675294