100
2908249
953957082
839605068
389538259
58843304
934367969
616615925
4652598
586371629
601587550
969053586
927472257
638197162
362796962
898038324
510194378
137517002
104571821
763798578
80202576
825015977
680865458
112480448
637004129
792738293
174022788
678254961
982968521
955884798
943904882
396578779
718174505
941891463
517808834
505598875
194003275
613409432
460931287
844078303
16772758
943592453
655470327
513483779
950587293
263628441
19030567
936379594
108356049
656208608
295871026
673342778
942274647
285870734
602700233
628310548
931611637
851196047
24681668
559598830
753168933
233586604
967051759
385463116
23640534
435750015
800653607
449764356
495786515
495737036
695136149
830616313
384132485
567220611
553974284
52432614
892650822
338751041
417111849
930287559
161887365
628479747
979081548
24997189
869476872
825184433
15173485
815284930
940008635
84968439
577396785
949327546
642651753
534491257
759167543
680386116
569097239
730870052
249325313
78702776
436908029
